# x, y, z
7.116308005193434016e-04 3.745638348557794178e-02 2.807019095596643976e-02
1.159162859700584025e-02 -7.595001820242853335e-03 -1.130029244238978711e-03
-1.422853449281848842e-02 -2.648199107156472623e-02 -2.544835306987502585e-02
4.233800133001548033e-02 -2.029267777166179551e-02 1.246817761298636001e-02
-6.083810466858428911e-03 4.428277614705546095e-02 -7.012872694286874375e-02
9.661098300200577846e-03 3.952925764071370252e-02 -4.834197927735451455e-02
-3.115852499914603668e-02 -7.098953460262582248e-03 8.564161255220911761e-02
1.668567422024957655e-02 -3.402986703663664347e-02 1.218770293854761766e-01
4.056411780234125963e-02 -1.515217704410376856e-02 -8.814990307714437590e-02
-3.426607076490082587e-02 2.478463569929076349e-03 2.221445833206955531e-02
-1.355546168430218218e-02 -3.709036160947413313e-02 -1.222961981241410812e-01
8.730047245572638073e-03 -3.950724722360655222e-02 -3.316755317814833876e-02
1.541088743294240920e-02 2.243378298564259118e-02 1.599654538919014213e-01
-1.492465184153936135e-02 4.318925023618114256e-02 -6.475543807418919495e-02
-2.051540605180367238e-02 3.969939876241656944e-03 -6.914869036545018451e-03
4.525419896433987947e-03 2.606522684249711411e-02 -5.776408210171544294e-02
-3.959494921668604839e-02 2.060106658656483004e-03 -4.823398600518283980e-02
-1.711872743633786539e-02 -1.203960347559476611e-02 -9.614544438867318743e-02
-1.715417989244269817e-02 2.571167647345798044e-02 5.111363781388644778e-02
2.585952130110346844e-03 4.412268672581870846e-03 1.566037855096396869e-01
-1.346069004631074428e-02 1.248620895275636029e-02 -1.333383286347246954e-01
-6.636111922328574719e-03 2.290392574868843623e-02 1.500605520995711706e-01
1.937365744142707097e-02 2.308717495714758799e-03 -3.291397638461289465e-02
1.971463967344728313e-02 -1.252779317656754245e-02 -1.757447078396131845e-01
2.697724518656735050e-03 -2.818614087994830708e-02 -8.142108664785169259e-02
1.620075134010364251e-02 -2.210095566917524151e-02 1.695320904267063819e-02
-5.826544454492919335e-03 -4.644463192945177954e-02 -4.102947361160488686e-03
-3.220964828480391701e-02 9.871352148533761584e-03 -3.262599947618715496e-02
2.359466034823029870e-02 -2.325389266881212544e-02 -1.013489071406356579e-01
8.260151676098585402e-03 -1.790030851093803166e-02 7.368420208574162633e-02
-7.350878956400898508e-03 -8.414647661318046257e-03 5.729123145845545217e-02
-5.625593615502371206e-03 -2.503240730219111632e-03 9.045520139441222407e-02
9.754801792572321368e-04 3.922170001670298445e-02 -1.018671508313750279e-02
2.839069730953775600e-02 1.957527439149023274e-02 -8.690488551808131512e-02
-3.353301029392749544e-02 6.793909412173494873e-03 3.589819589258829574e-02
4.595371232575265474e-02 -1.024089147501935741e-04 3.565445968644605917e-02
-1.203112672651125009e-02 -1.881496079732009052e-02 -1.143433007101028916e-02
-7.995608580732024503e-03 -2.335456777447479648e-02 7.345139361672610445e-02
2.867700603714573929e-03 -2.118477834367705689e-02 1.668627915164860032e-01
1.780643146258182805e-02 -1.342340097461859616e-02 1.312306227384944790e-01
-1.595309188506707082e-02 3.080457901081046918e-02 4.575668842777376455e-02
1.117445159732379564e-03 -2.488992122548339472e-02 -1.347762492142275670e-01
1.784347136327054870e-02 -2.777818807087159211e-02 5.949243517903442247e-02
-8.545341573309753972e-04 2.929756533176413810e-02 9.747702271626994264e-02
4.470205280506687421e-04 -1.077573975712275978e-02 1.056712747989241828e-02
-1.816089663337649984e-02 3.753281738646966487e-02 -4.138891173850324512e-02
-2.297882121205685468e-02 -2.446751111044561527e-02 1.537589930343389970e-02
-7.983533656414174007e-03 2.247835847152225563e-02 1.385606717095754226e-01
-2.084331995716603991e-02 -4.222395838173104154e-02 3.674098079454529101e-03
-2.407422194544422966e-02 -2.462773409653744652e-03 8.958049322576078222e-02
1.165809613041475512e-02 -1.334981745458803208e-02 -1.492220982212825453e-01
-3.221266006245081942e-02 -9.131630810128769579e-03 8.293156096398229815e-02
3.549793399625264176e-03 -1.048095541563724871e-02 -1.861398557598205328e-01
-1.283753659740451830e-02 -2.921725019292602255e-02 3.914884085922448048e-02
1.031934427709646322e-02 1.902356876884658821e-02 -1.781745799079276771e-01
2.820656047771917768e-04 -3.256696051875040271e-02 5.979349730038888144e-02
-4.170641498024474370e-02 1.600122600405879877e-02 4.218214435061019146e-02
-1.279400375603059574e-02 1.290750274327657869e-02 4.434983217561346003e-02
-3.998246896404563516e-02 -3.021157892941271281e-03 -4.304814560848499450e-02
1.443809705501393481e-02 1.675976793822355967e-02 6.352887581182807553e-02
1.599771502586440353e-02 -3.393757460220771932e-02 2.070053019540587982e-03
2.176763245011044401e-02 3.378731766689117844e-02 -9.259691523036731042e-02
1.313154787626800470e-02 1.321787970282715420e-02 -1.797978667376273210e-01
-2.411276569521542817e-02 4.758803269655064588e-04 1.203852763454331676e-01
3.848753162813032484e-03 1.001241142610678758e-02 -1.066954894631204631e-01
3.365778025301525284e-02 1.145564365596120349e-02 1.363584592675305684e-01
-1.122003687059605626e-02 2.862122534946376015e-02 4.025047886943036723e-02
1.805815782588685026e-02 1.004256499740651667e-03 -1.925713204312680046e-02
-2.081688762072259752e-02 1.725058344220193815e-02 -1.136819890687856827e-01
-6.171203988729685903e-03 -2.632843192400405319e-02 1.006594584769107681e-02
3.873848514995764658e-02 -1.533833667604916386e-02 4.509287652098361437e-02
2.539647767458033667e-02 -1.756379796028307433e-02 1.013186801402635347e-02
2.999081038256134688e-02 -7.702786034848578545e-03 -1.201668912586405791e-01
1.889011618136789486e-02 2.891657825682286340e-02 1.039145908244527433e-01
9.708131566550525296e-03 2.711676273504064205e-02 -1.520624962990319295e-01
2.535472084711027502e-02 2.062491894597805880e-02 -2.291904872729087338e-03
8.568281557056993056e-03 4.950811340055569047e-03 7.402897364828847637e-02
2.763174947582698604e-02 -3.703057145674664569e-02 6.400927217896205945e-02
-6.019281309125610116e-03 -3.778339924670733041e-02 1.161641736052530655e-01
-3.228670587803565001e-02 -4.709477469580063309e-03 1.276691759177846219e-01
-3.797484816041130778e-02 -1.121524564705794931e-02 -8.909734592900320216e-02
-3.203776145035149014e-02 -3.691351420290521837e-03 1.059049501389650871e-01
8.193531246875388613e-03 1.356426452428915498e-02 -1.280784323181015927e-01
-2.874456377033091092e-02 1.466357892658248091e-02 -7.979690547872335393e-02
-1.905941523670584212e-02 -2.152098203150339811e-02 -4.845542936397270045e-02
2.504259970241230066e-02 4.000943496982589664e-02 -3.126234878709917286e-02
-6.704492225691791041e-03 3.391313436338125320e-02 -1.406212253717098459e-01
-3.934638974781911290e-03 -6.158568793376886438e-03 -1.246785145368404374e-02
-3.027086128867169379e-02 -6.725938913672651308e-03 -1.549263337012327657e-01
-3.715932857100887748e-02 2.526272236990330725e-02 7.580917815158055850e-02
-1.866692805900734692e-02 -1.514918134186808013e-02 -1.083186136276674261e-01
3.213861036201090537e-02 -3.267672756982889504e-02 7.992035985736262171e-02
-1.379400792374626400e-02 3.468205363418740139e-02 1.531149192597674015e-03
3.973713851340782144e-02 3.051848014710784908e-03 9.994905748774253473e-02
-3.048073521455837639e-02 -1.126016978965801302e-02 -1.172059910598440002e-01
3.059802290518071066e-02 -1.945193569333460507e-02 -4.824520014683816166e-02
1.831879562056727348e-02 -3.623509407246219144e-02 5.475888621202066459e-02
2.993105230051950390e-03 -1.739370931158670461e-02 -1.389026997194205970e-01
1.617922776846026159e-02 -4.593030075525048050e-02 3.688431027053559047e-02
4.020400405348521604e-03 3.338041932952071859e-03 7.260227320462670463e-03
3.467547412485431912e-02 -2.314249706331499012e-02 9.320080477430063570e-02
2.553217426077522318e-04 -2.018605765074309166e-02 1.076701121726986454e-01
5.818378050314960449e-03 -3.741698639200083387e-02 -2.559818883389913813e-02
1.645023854302027355e-02 3.813452246184512867e-02 -7.711488845627950672e-02
2.778437585794079137e-02 -2.705480351215622248e-02 8.312857364477928279e-02
2.727550201481013931e-02 -3.586961763180302864e-03 -1.633914723781037526e-01
-2.009283215584488358e-02 1.683521065279385692e-02 -7.407492466727265412e-02
2.062958570407394734e-02 -2.975183990430467842e-03 1.715879918833303902e-02
-1.065096992862573158e-02 -5.449825743823562794e-03 1.125107028333785925e-01
-3.664017877050173427e-02 -1.827757685466183807e-02 -6.038555276964344132e-02
-8.158053860181506065e-03 -4.534585112231550447e-02 -7.011975178614238136e-02
-2.006687724592028099e-02 3.284860850206515557e-04 -3.294846537740844100e-02
7.387929870392034165e-03 -5.532650190025594286e-03 1.454242782202118667e-01
-9.460059582152497912e-03 2.705180215321996429e-02 9.875418513133837894e-02
2.511929469701278117e-02 2.607079655782842953e-02 5.823893453144002308e-02
-1.156795044895172174e-02 -3.532565852565927589e-02 2.952031715600775263e-02
-2.048281709542928292e-02 -1.396908715811269290e-02 1.647759023953935253e-01
-8.704014922775794513e-03 2.690067002658833722e-02 -9.068139691785905010e-02
2.577932556721598475e-02 -1.449014850601573236e-02 -1.797888230355928693e-02
1.144673420833824083e-02 -1.046382893650038212e-02 -2.591086306123375343e-02
-3.282205777999309959e-02 6.272896634327363233e-03 -1.021682063046800981e-01
-6.335575765448087267e-03 1.460932973407211635e-02 1.949561639617609921e-02
8.190524924511619412e-03 1.219613796408308345e-02 1.374813488797303196e-01
-1.240453341550705121e-02 9.369136516019503950e-04 8.732648428558185960e-02
1.975479496825369857e-02 1.424901793951763654e-02 -4.067309477563228748e-02
-1.759216415149124704e-02 -6.688676873314126047e-03 -1.487984312878078141e-01
-3.338904613512734543e-02 -2.554767712151958040e-02 1.035985033267289995e-01
7.057766907647232586e-03 7.659901232750555150e-03 1.184184869268481849e-01
2.179748960827182502e-02 -8.764278745387281758e-03 6.565550629757516826e-03
8.715281319043179098e-03 -7.533755255785827901e-03 4.817928071760425174e-02
3.144154223418673538e-02 2.161155011513328852e-02 1.265786644059453958e-01
-4.515700661020509259e-03 -8.333836086729479132e-04 1.066967301931990991e-01
-1.373604925077240302e-02 4.131096819782558577e-02 -1.645583281226398187e-02
1.751110929089085347e-02 4.169870709336659376e-02 6.631071545356337360e-02
-3.578531631552483300e-02 6.294532308152861987e-03 -7.856151898348728846e-02
-7.899596147174045568e-03 3.295669940969674777e-02 -1.336087677130922413e-01
5.387667501223797339e-03 -1.964210552429140194e-02 -4.275988006241229766e-02
1.014771947556217593e-02 -7.659031476768283012e-03 -5.184822884997591225e-03
2.300712072966912269e-02 8.969967618967393530e-03 -5.643631573006335084e-02
3.349331881321709198e-02 2.384081137885608068e-04 3.682979933269000562e-03
1.485190929899829829e-02 3.621656978393068133e-02 1.157310009871794221e-01
6.515553242836378059e-03 3.800900186369045308e-02 1.175833044410985462e-01
1.331987801744023009e-02 -9.618538148997625046e-04 1.304848320430196940e-01
-3.195445240905198797e-02 -7.210656654886119475e-03 -1.137699167757229290e-01
2.782663580154193933e-02 -2.284144607342566274e-02 -2.986470115220130755e-02
-2.877687300701180576e-02 -9.487436781751736395e-03 1.537145745970029953e-01
-2.295469616652679248e-02 7.564852354671721194e-03 1.593997916532909898e-01
-1.901421652831129794e-02 1.490328556745208928e-03 -1.018315762162730898e-01
1.382825070412972007e-02 4.694973558263273311e-02 2.634719259135390179e-02
1.293739516961044979e-02 -2.294681010550420411e-02 2.645607885264463291e-02
1.515324935481410923e-02 -1.697894027711909296e-03 -1.250409200182574787e-01
-4.405120847313319550e-03 2.568275782941778756e-03 -1.832183290136736864e-01
-3.638147987083930474e-02 -6.590524920920874663e-03 -6.839769068111886674e-02
1.490235212285453796e-02 -1.316247936310090474e-02 -7.687134647467458448e-02
-2.201397635833956395e-02 4.810819484127632113e-03 -4.896568350703296019e-02
-9.636091975404865659e-03 1.836279477689862355e-02 -1.470267244915798022e-01
-1.345080156232139092e-02 3.435953102153415512e-02 -3.582117389521480288e-02
5.653837779638637602e-03 7.171361324995024177e-03 3.029662111704055708e-02
2.060862590311769715e-02 1.594492260823462612e-02 -7.216645047533427892e-02
-2.885495723483575553e-02 3.453632438948840699e-02 -8.167835345645564626e-02
2.114308897225605777e-02 4.417365362859341366e-02 1.090534484469559383e-02
3.983665994503830105e-02 -4.218934231805322906e-03 9.277688873471329201e-02
4.746299256589633919e-02 7.693921887372730251e-03 3.426130819751455059e-02
1.160414373119592057e-02 1.727962318647195336e-02 5.709898507442578292e-02
3.950809102467267749e-03 -8.250163280548580488e-03 -3.222527604532690604e-02
4.306087244765118005e-02 1.958597510528105757e-03 6.221017299018223590e-02
-2.347142116392077899e-02 7.393967150929905280e-03 -1.526346395656711930e-01
-8.002171156950725617e-03 -3.066398650813740440e-02 -2.544151213198018319e-02
-9.239397498430378455e-03 2.981554241861472665e-02 7.132711730529393834e-02
9.417491749099660830e-03 -1.316877601204994100e-02 -1.200094292948022945e-01
-7.705405591708628515e-03 1.612462510454365505e-02 -1.347858315491935188e-01
-4.784083054459993545e-03 -1.440274352236024053e-03 1.834886986999421932e-01
1.550799115217112861e-02 1.446613112339795865e-02 -5.771914463484039554e-02
-2.774323272112809782e-02 -1.833969460642722801e-02 -5.099451610891438114e-02
-6.212524240643646153e-03 3.711685842549610620e-02 1.000045195280370863e-01
-2.103534803358720826e-02 1.784410363748291026e-02 -1.060671794636102172e-01
-4.329854176844530333e-02 -1.720039420229884861e-02 6.648880767846039597e-02
-1.069364344439725778e-02 -7.801599176641082177e-03 1.268730095604177210e-01
-2.978419946409626914e-02 -2.881383153050535301e-03 7.838124895673400164e-03
6.617025564455464477e-03 4.514590145217464712e-02 -8.481920656974313924e-03
-2.618223666533831678e-02 3.296403465002342888e-03 -1.683822472676156090e-01
-1.685815578743655443e-03 -2.325924294571724005e-02 8.682637353328075125e-02
2.772189632965822107e-03 3.992421031153314814e-02 -1.098819983901829361e-01
-3.652396142824799324e-02 2.516863365865042515e-02 -1.252320694989363971e-02
1.555590263425766801e-03 3.050600700741409529e-02 -1.348171569567409023e-01
8.444899660359153279e-03 1.289305887052444657e-02 -6.597728965102121756e-02
1.482400473190358808e-02 -3.022976109060479533e-02 7.281144006218333298e-02
-2.283959217043030065e-02 -1.577480764599608135e-02 -1.030089690213096959e-01
8.463639118371588804e-04 -2.925749573747095378e-02 1.554308844013091717e-01
-2.716865136186564361e-02 3.614268174459022570e-02 4.483536546932534450e-02
-4.705377501744131830e-02 1.632058533502279973e-02 8.571585978789379029e-03
-9.103667398921693604e-03 -2.800268461762399352e-02 1.261386634394807416e-01
2.865972636809627216e-02 1.861259740868253382e-02 -1.208975955861834040e-01
-1.039653904806234685e-03 -3.890784309184128209e-02 -4.029825247189311455e-02
-4.333966479156530632e-02 3.957407797338892419e-03 -7.692692700791892504e-03
3.533769168043788406e-02 5.420977169156411535e-03 -9.567784544080196185e-02
-1.484229296351851669e-02 1.124837353467555458e-02 1.651634538775282601e-01
-6.871513042373935190e-03 2.340792505869753598e-03 -1.365800702263853250e-01
1.808676697990168128e-02 -5.714783802568807608e-03 -4.657716883611436043e-02
1.664508666501026204e-02 -3.062127972497446018e-02 1.051023605254215038e-01
-4.519201784291310142e-02 5.068783248237129085e-03 5.906444988672204105e-02
-2.329009554639530077e-02 1.565495356954060488e-02 1.281831289923605344e-01
1.588311319850263179e-02 1.838229308627869693e-02 8.269394795055580449e-02
-2.432572035890282966e-02 -2.891848478378297380e-02 -3.431621100067694385e-02
6.354081368909654699e-03 -1.609241656353404062e-02 -7.389304166046614664e-02
2.129084656721823288e-02 -4.086361961973583590e-02 6.000715782172216101e-03
-7.250433496803810468e-03 5.046377845529104308e-04 3.707174690449555055e-02
-1.363403461328543953e-02 2.961168981321585930e-02 -7.912934488419626211e-02
-1.266469520574532714e-02 -2.196436943625344751e-02 1.631495953365656726e-02
2.026951632147154861e-03 2.933474054447385987e-02 -1.164255091764083566e-01
-2.230051150793289916e-02 -1.506209045820121675e-02 2.505563822125618512e-02
-1.933767479693700511e-02 -3.018799058341089039e-02 -9.927362163185567134e-02
-2.608362320685196981e-02 2.178409231929775980e-02 -7.317066105772632731e-04
-3.016084948805791699e-02 3.017017092305857712e-02 2.958454332050789587e-02
9.313413166963600484e-03 2.497678860388675981e-02 1.411842473454088392e-03
-1.436666645811646853e-02 -4.289149515952826730e-02 -5.425000881993363722e-02
2.291106160536393252e-02 4.077098561616824407e-02 5.201548533480798708e-02
8.980361379613157821e-03 1.684967166182279805e-02 -2.767506961278522540e-02
1.157542146691439497e-02 4.058148167239991611e-02 -5.514546677757134474e-02
-4.411032009526941883e-02 9.088041822491413780e-04 3.741437395619391648e-02
3.301950445257131883e-02 8.549246371179885368e-03 1.063340020408844455e-01
-1.950511795192956879e-02 -4.244570152972317739e-02 1.895873143002477007e-03
1.322609832922258359e-02 1.104525237317867739e-02 -1.449482262799784704e-01
-2.760913665911704160e-02 1.834103762974180268e-03 -1.189856240258929838e-02
-1.212892785515841745e-02 -8.841082112618857056e-03 1.499240326846994209e-01
2.257018642089383964e-02 -1.334561737830853613e-02 1.366979539637521723e-01
-2.703946170678499239e-02 -6.413027466377782711e-03 5.341948195710394254e-02
1.956894998963179186e-02 -4.245581592456058873e-02 -9.046723055368596431e-03
1.553973623451181466e-02 3.654886402718090371e-02 -7.678819184151997046e-02
-1.976890267418457143e-04 8.044009700336035226e-03 1.642129395656488078e-01
1.482007455186716907e-02 1.363596697991859528e-03 -8.839590844857599106e-02
-4.116692307428574706e-03 -3.070668182098564881e-03 -6.878108527895791802e-02
1.246889336578572115e-02 -3.733989933819772261e-02 -8.876912495405948900e-02
2.210732393445105984e-02 1.974128159696145884e-02 7.692657140552931760e-02
-2.005703750969867541e-02 -1.892374489782121597e-02 3.079887013636044626e-02
2.728885524950043495e-02 -3.262431954945074764e-02 -6.301872303425476440e-02
-1.117301004364913697e-02 3.026078414382431248e-02 5.661230404087729678e-02
-3.313580300756028413e-02 2.753615501422343112e-02 1.260415108820161362e-02
-4.170752809103331869e-03 2.802798550232463159e-02 1.928287735826521646e-02
-4.013644560791598814e-02 -1.802444263490314905e-02 1.558089804981255613e-03
-2.152805932236994237e-04 -1.466225479705015981e-02 -6.614918863195544396e-02
-4.289950304506824630e-02 1.149765531210037058e-02 -6.864177438832501366e-02
2.424068004108510463e-02 8.782727674858738925e-03 -7.658979034876486035e-03
1.584048747508174856e-02 -2.527398400544719759e-02 -4.951362841635172096e-02
3.669327277777399698e-02 2.956708176936015484e-03 -8.715079718159073063e-02
2.077143444973781825e-02 1.635442187812743628e-02 -1.065753575668279274e-01
3.521775692501952215e-02 5.232816787282511262e-03 6.470630513551127450e-02
-2.327551803702629374e-02 2.189148917665673794e-02 -1.178913277100715647e-02
2.756190890789514403e-02 -1.737232623926485836e-02 1.229807426212823213e-01
-1.141319065244972633e-02 1.631863708462820070e-02 1.727431304687261360e-01
-2.587868274995310316e-02 1.240966438577412873e-02 -8.802413692690563840e-02
5.159170591746597284e-03 4.230393486894485494e-02 7.115515439109344753e-02
7.540143337173717784e-03 6.220347103854649909e-03 1.365032544122897207e-01
-1.274193596623289862e-02 6.377021104440303706e-03 1.802633529665796652e-01
6.957616168643421944e-03 1.168835507553615469e-02 -5.250002295042635603e-02
2.990771964985919351e-02 -9.364187912580692816e-03 1.343179650287846527e-01
-2.490506696727870506e-02 -9.139434947146056129e-03 1.473319158889650760e-01
4.369754884351188112e-02 1.663615519179610300e-02 2.215484281026181348e-02
-3.731004883102152780e-02 2.866986717901636936e-02 1.918071975922678793e-02
6.355427466974102046e-03 2.556995898974080694e-02 6.152776926998772267e-02
3.337949708667950488e-02 3.579347839279215654e-02 4.014699127512517257e-02
-7.730263842774543100e-03 -1.428316200604826114e-02 4.092940969895090403e-02
-4.199168348671445967e-04 2.031973570302227083e-02 8.797532314647688034e-02
2.088760968401993587e-02 9.271378185629427018e-03 -1.400824051650380875e-01
-1.467980051072602724e-02 1.397224340426192479e-02 -8.839523991230206768e-02
3.103624393567722128e-02 2.722629482288904321e-02 -1.016637310158270691e-01
-4.165416730121715601e-03 -1.784958174080323451e-02 -1.088352073354495464e-01
1.079681019821308700e-02 -1.361700588117261725e-02 -5.945773017336358768e-02
2.805016160669688077e-03 1.887625321741056433e-02 8.304711095205094540e-02
-1.007305639150554970e-03 3.243521740852064322e-02 1.423127050755344514e-01
1.830778281937937152e-02 3.571198482335288110e-02 -1.078284719555388516e-01
-1.492470151357220892e-03 -3.305064262156846844e-02 7.377453997773129879e-02
1.241183861044308986e-02 -7.948023626286096141e-03 -3.595180335086051865e-02
-3.673084929706447316e-02 -3.128913886282076035e-02 1.181891747592272827e-02
-2.047382535020772845e-02 -1.836118989949592000e-03 6.445895779671348413e-02
1.951840970328850774e-02 7.441992313030276751e-03 1.686727373381173289e-01
1.523591208254229494e-02 -3.929453366130952752e-02 5.506154904041307696e-02
-9.403081332872353579e-03 4.412621699653973550e-02 -4.120718694492181422e-02
2.034542098198055191e-02 -5.750571269782178696e-03 7.929779400560545144e-02
1.556481283137270237e-02 -1.833412231427096820e-02 -7.118459828339764039e-02
-3.056730420417374736e-02 -1.503183027479581928e-02 5.997995613850381873e-03
-5.540850225226044354e-03 -9.380636985764856384e-03 1.543154801732765646e-01
3.748339899221461886e-03 7.535704287948818275e-03 1.458993456295849533e-01
5.161792247238608175e-03 4.695364694277621292e-02 6.069296717890279406e-03
3.236282029864060578e-02 -1.773013546219983499e-02 1.338400950726910954e-01
-2.230268622662787744e-03 3.969781731153031873e-02 -1.304163758946439745e-02
-2.808221851700727374e-03 1.949973873089619683e-02 1.559034808093347491e-01
-2.382460651613547975e-02 -2.207592586267841106e-02 -3.960806457458912466e-02
-1.286988329675639413e-02 2.271700358968998731e-02 1.763700308727362762e-02
-3.118328476658950577e-02 -1.957383778253733719e-02 -1.114561591399724494e-01
-3.043411659308723274e-03 -3.586876474934319863e-03 -1.783064404669242042e-02
2.603487066438397654e-02 -1.511500098978225438e-02 1.387446316115775458e-01
1.322277477560580665e-02 -1.790611743529165953e-02 -3.778064263597526867e-03
-1.202217158338384287e-02 -1.289997666926235610e-02 -1.119448401174566454e-01
-1.990733915717941751e-03 1.735007867514795285e-02 1.623183887005513748e-01
-4.165007956041889836e-02 1.686231729251739739e-02 4.590457571571731482e-02
-3.541663099210573540e-02 2.602249084707007609e-02 -8.083466619639267936e-02
-1.849282533984421273e-02 9.520312152298341865e-03 1.553649351094157915e-01
2.597564430190026086e-02 -3.805563124299973180e-03 4.894238528848265934e-02
-1.450932802424883053e-02 -2.986149221295621506e-02 1.321398146479860897e-03
2.073585875952667357e-02 2.973502597249517900e-03 -2.878149011744956035e-02
4.275180826854693694e-02 -2.469861338037692084e-04 -9.386493006512554305e-02
2.786986539202329291e-02 1.146488384132486604e-02 -1.978109924751238202e-02
4.852088759187587856e-03 -3.383251199273842880e-02 5.349182400704506624e-02
-3.017196839248137419e-02 1.121908765200467159e-02 -3.359748984654722936e-02
-3.401397260351390200e-02 -1.686320816121970531e-02 -1.205237734736891442e-01
-1.101279195015292039e-03 9.662091232030000504e-03 -9.041862110942378017e-02
1.009833000052726831e-02 -4.292826327736060966e-03 1.333771709405440764e-01
3.109196420385260812e-02 1.324169806276047703e-02 9.726774166474505545e-02
-7.112308202883610864e-04 -1.983117738776482564e-02 -1.135546004807141546e-01
-3.777264085304248009e-02 -1.389142644948665288e-02 4.374117919298032946e-03
-2.177113389399699950e-02 -1.807067079782766900e-02 -8.431283966855869505e-02
1.549974536540572705e-02 -4.178172727250596685e-02 -4.307982922759454048e-02
-4.279533350415309044e-03 -3.230651232292609809e-02 5.633835504531720106e-02
-4.698173439722441724e-02 1.273646666809903454e-02 -1.107541348198103071e-02
4.479924924929104546e-02 2.080681131897982197e-04 -8.744064738371291889e-02
-4.590386599508163024e-02 3.982556220159758423e-03 -6.281690934570438589e-02
3.797484179938535181e-02 1.946237790258268513e-02 -5.960703983205765250e-02
-5.370401861189363218e-03 4.760571914672411670e-02 -1.034394850849647968e-02
7.389068214964828428e-03 3.005087874344522167e-03 5.626823357126629205e-02
-4.191636230533776070e-02 -1.832181050426631838e-03 8.437286355459336015e-03
-6.170879039078726140e-03 -2.154701792638693061e-02 1.398254222398159774e-01
-3.684428701335858147e-02 4.924303992146163503e-03 1.513366360253815684e-02
-1.301862446352402419e-02 -2.408168375164228617e-02 1.625420604623170617e-01
-1.363496288452120501e-02 -4.556777777671752738e-02 -4.810870900952295831e-02
-2.533607798079456908e-02 2.462450512154384930e-02 1.012258154871194249e-01
-3.341737769628391058e-02 -1.844520131592464543e-02 -2.399292599057299691e-02
4.761495136168381742e-02 -9.437580035301273290e-03 2.767606794196177458e-02
-9.384453913803983069e-03 -4.588174297354637859e-02 -5.462864255705342231e-02
7.817768307093279087e-04 -2.448537065494127418e-02 -6.600702873353583855e-02
-3.647215061660998014e-02 -8.796680895062457609e-03 7.677588643458477247e-02
1.925467738665386994e-02 -2.341415549432986423e-02 5.210700027157012804e-02
-6.753316952314439639e-03 -3.595981486576235731e-02 -1.070428766728783246e-02
3.481170325896797407e-03 2.650100077408753738e-02 9.128218116934894502e-03
-2.447187704838030622e-02 -9.289432974594025519e-03 9.637755879786356894e-02
1.072892028348576034e-02 2.586405403220270668e-02 -1.530041620603068975e-01
-1.730802768703853210e-03 1.882982217458217290e-03 1.010139953354689396e-01
-4.974184566602015724e-03 -2.975459277869260677e-02 -1.508489075027325821e-01
1.553622016207553691e-02 1.898831190198053617e-03 5.758957308679810150e-02
2.923117639804981988e-02 -2.410678824964047548e-02 -1.296014284969962682e-01
-3.761001129090363326e-02 -2.873268042911855322e-02 5.931951917344219227e-03
-1.077134879623371268e-02 2.715451379674858629e-03 -1.786937628158536406e-01
-3.111972351234921531e-03 -1.791929220868924977e-02 1.281717755071606069e-01
-1.515735259065048059e-02 -2.355754158092694325e-02 -1.018142759238037515e-01
1.094032613276704584e-03 3.814868581471358988e-02 -4.038451145323998515e-02
1.592279318137759456e-02 -1.238228088363943838e-02 -2.634780446172051149e-02
3.108415047089209751e-02 -3.031391682843886937e-03 -9.102338345396075725e-02
6.713843189899160353e-03 -2.928091246529616193e-02 -1.402597448628133125e-02
5.328984333132509577e-03 -2.403451522533270324e-02 -1.014830834032366957e-01
1.237105192519036799e-02 1.431009227772065979e-03 1.210047214526282500e-01
8.026322180986476471e-03 1.881889933749113578e-02 -1.480682084670901788e-01
-6.781288168054510311e-03 1.467718769761391408e-02 1.489367943989463317e-01
1.859071639161844966e-02 -2.783068189387465433e-02 -8.033236147648131764e-02
-1.259886879816538019e-02 -1.779242652450096357e-02 -8.953052740268680962e-03
-5.714612928213395025e-03 3.692595778285386130e-03 -1.640557268959745227e-02
-4.744310466265438259e-02 2.749354662739797797e-03 -4.827901414452835660e-02
3.491734047043896366e-02 -3.619660211868378115e-03 -7.666555919638329275e-02
7.715183749953931878e-03 -1.518857032630290677e-02 -7.440027490822929968e-02
5.521007876315316837e-03 -6.857578271580010675e-03 1.543113155645328416e-01
-5.628396619328361952e-03 5.549414515404815090e-03 1.102896303990582860e-01
4.606451293195901187e-02 -1.257889407527054519e-02 3.472154592788155580e-02
1.180833920396335245e-02 2.348820618218150705e-02 1.629994928291618114e-02
-3.515403325281170333e-02 6.931637054057470347e-03 -9.886410507072801446e-02
3.447760285161474009e-02 6.369827487724338995e-03 1.999224524846473366e-02
-8.806895910516343226e-03 4.216515375322072573e-02 5.893399596901691823e-02
4.044946884144804550e-02 -1.731367527709672116e-02 7.773653922557588469e-02
-1.763155444407936076e-02 -1.900381759587870673e-02 1.407160079681205045e-01
2.933511693765247438e-02 1.373089986519968443e-03 4.902416590597094559e-02
1.206871931206801411e-02 3.454778908971655599e-02 5.796060787894791178e-02
3.911657502132036279e-02 2.431325071585228176e-02 -7.329651877521488335e-02
4.874072710760249394e-03 -9.102396357796513349e-03 1.268881824311532680e-01
-3.113304558174376929e-02 -1.330250624263540349e-02 -5.368935009342343245e-02
5.258138622268253293e-03 2.969844709554211523e-02 -1.473444665899325545e-01
-8.199760710496835359e-03 -1.055313017628794472e-03 5.780897321451997778e-02
-5.436291141462757520e-03 -4.093148813194127239e-02 -3.861489075483724720e-02
-7.199068201491214646e-03 3.272623093922723964e-02 -7.459464856529463006e-02
-1.871809623102376960e-02 -2.196601404297778698e-02 7.714588509862285726e-03
6.114781450024774079e-04 -3.573110552388194389e-02 2.915919148555506935e-02
2.134199752721287549e-02 7.120963908717317659e-03 3.138012215002568966e-02
-1.992716169298461380e-03 3.367237057891810798e-02 -7.246692183124492370e-02
-3.712116797999674700e-02 -5.205114709285851675e-03 -1.111694480983699967e-01
-3.684417031003895532e-02 -2.647257683043609255e-02 -6.511796663973661026e-02
3.112037810159358660e-03 3.679195220466673771e-02 1.011467808705394100e-01
-5.934093440130166347e-03 3.120684733844883429e-02 -6.877236540777106888e-02
9.193895263816172572e-03 -1.697808590107648466e-02 -1.161243198807431903e-01
1.876860157792047124e-02 9.955521588172103198e-03 4.193543865283416022e-02
-2.018018769551992164e-02 -3.041621014960910890e-02 -5.070231784616624493e-02
-4.207921627878236266e-03 2.932446558896633845e-02 -1.192561586864256395e-01
-1.776062778878991985e-02 2.664024776053640353e-02 -1.323319253241777849e-01
-3.013088018454152407e-03 -2.374488289842564825e-02 -1.711655486057057640e-01
-2.919658687658757690e-02 -4.856020259973353563e-03 -9.196177750908839099e-02
2.852568767408163522e-02 -1.377350049445956459e-02 -7.551669809553389345e-02
4.003918457956457018e-03 -1.782152776777344572e-02 -7.561974492693274152e-02
1.098951489087788419e-02 1.527516606724403474e-02 1.082340875219440536e-02
2.703771561077766492e-02 2.096372888512059579e-02 -3.217911673317878224e-02
3.199253014768257269e-02 -1.582125202201462716e-02 -1.376990566217064799e-03
8.394549749040822705e-04 -2.594618617384054915e-02 4.570235617046421867e-02
-3.861496444677126050e-02 -9.454789407605595011e-03 -9.974661462228537334e-02
-2.102890181889366904e-03 4.076024231462174741e-02 5.295735056442921196e-02
-3.710069350380946346e-02 5.158598964208791285e-03 -2.828448529687803761e-02
2.192927728622277861e-02 -1.533826927919084565e-02 2.696922674199964121e-02
8.966244671951137044e-03 -4.509996909771082918e-02 4.143383995350540666e-02
-9.795403584336706895e-03 -4.343672919310757191e-02 -5.902670397766725252e-02
2.390649800877716821e-02 -4.507096350598622549e-03 -9.986987510729597450e-02
-3.800412506360743153e-02 2.595715131616149751e-02 2.343577051470635553e-02
3.949224287579886777e-02 -1.888608800594820253e-02 6.611650951018130384e-02
7.029879331188523817e-03 -7.263507218437105853e-03 5.240573346197710536e-02
6.277681628864994166e-03 4.582546241294763872e-02 1.434754750813843453e-02
2.273574927590868433e-02 -2.231079423239471296e-02 4.596883854398081670e-02
-1.867095027828342621e-02 4.258134322613318229e-02 -6.738384461014569615e-02
-1.845086601877047455e-02 -3.677775371267462401e-02 1.093168603316786308e-01
-1.258128923411734081e-02 3.319782642302062520e-02 -1.291117588133181560e-01
1.392661836568544372e-03 -2.745404003610002128e-02 1.073768778395948892e-01
4.542863347434631521e-02 -2.424913797354338700e-03 4.127258907268621657e-02
-3.286519635644026029e-03 -2.327367459131768346e-02 -3.641537223034657655e-02
8.052730404796792571e-03 -4.219399136154167174e-02 1.011651748715120952e-01
-2.260927448138925003e-02 6.972245049115115799e-03 -6.571647837475419474e-02
-3.375113840776451657e-02 -2.615489332420769739e-02 -9.510531156716972578e-02
-7.181345365777100885e-03 -2.385173139733459159e-03 1.669315558261277033e-01
-2.947679672734895492e-03 -3.116140249836694617e-03 9.032741010497309653e-02
-3.715029134953997531e-02 -7.047812450764934580e-03 -7.384990249528337880e-02
7.881101737595553811e-03 4.633447512453593015e-02 -4.400426254196063841e-02
-5.161713314699320487e-03 -2.667527963098748067e-02 1.171317779231929868e-01
2.425944471484778667e-02 -2.067548849462852705e-03 1.276182419389592683e-02
-1.756150337296292011e-02 -1.090677839994021008e-02 -1.492889669768219900e-02
2.937262560282664914e-02 1.332642629883459655e-02 3.007540608647894798e-02
1.868993596073496855e-02 2.852836195914055378e-02 -3.897617192149534227e-02
4.258551139388983692e-02 1.961934925915102823e-02 1.289609589427033465e-02
-1.327781948217430369e-02 -1.263892825803526743e-02 1.640950199116311126e-01
-5.399080628618511957e-03 -3.869417371574294939e-02 -1.010332865217535708e-01
-3.253914881340227300e-02 -1.325697639511858386e-02 -7.913038208287276332e-02
-1.892567610465193968e-03 3.638994267575536984e-02 -1.217216306579361335e-02
-2.797703488284872253e-02 1.242917787629267690e-02 -8.824976316731630854e-02
-7.205383604723886518e-04 -1.711753370995504342e-02 5.638068345437422663e-02
-5.386196262818224645e-04 8.917517402075704133e-03 -1.107093436856353003e-01
-5.254925451160185300e-03 4.372268317654780939e-02 1.572859667980029165e-03
3.200846548896991300e-02 2.201682460116871631e-02 -7.977323524801112342e-02
-2.084568872793057630e-03 -2.229550174589466777e-02 1.102389350282127201e-01
9.365555782036474874e-03 -1.954183554834287850e-02 1.309093381125473465e-01
-1.150040532463810286e-02 3.632262474106105060e-02 3.264927038604861081e-02
-2.495855402579514118e-02 2.171914376957698178e-02 5.418046261293479188e-02
-2.127458199034397771e-02 -1.501174117301166781e-02 1.800667096601175909e-02
-1.833800227262609092e-02 -3.561144721060668233e-02 -7.462777698663750070e-02
1.158933464689308399e-02 3.941438825016468570e-03 6.016840675197560051e-02
2.020773856859344256e-02 2.721117730783740446e-02 7.965960591858363415e-02
1.266369870200274340e-02 -2.094195593957031212e-02 -1.513683007975415162e-01
-1.262291943382285939e-03 3.523789102654897865e-02 -5.469317699265555804e-02
-4.324668310627870910e-02 -2.308757293673458985e-02 -2.747146773557684885e-02
2.774744103789491059e-02 -3.403378677149394849e-02 8.039853574481595211e-02
3.105688524626079583e-02 -1.039244567323134236e-02 -1.205004861487622564e-01
2.124238611663537349e-02 1.182759067759170564e-02 1.655515950382511342e-02
-1.088752073693344431e-02 -4.732553131646469874e-02 7.192032567095842620e-03
-3.656903231607076116e-02 1.571308708791394754e-02 -5.427343065452858162e-02
-1.845537387240269323e-03 -1.419672507254943206e-03 -1.406184130022034573e-01
3.620033887866077032e-03 2.384856258204581456e-02 1.603388293411729670e-01
1.010413436562870425e-03 1.256964104423780905e-02 6.409916087326056333e-02
-2.076998620105474300e-02 -1.352126203843665407e-03 -1.148530324484354354e-01
3.080866427857994940e-03 2.514363720718717707e-02 1.514527548368986842e-01
1.287950500089967733e-02 2.565301641760497908e-02 9.163702041613626392e-02
1.213767231982486317e-02 -3.153436809250693973e-02 -9.623272200999709314e-02
-7.260909745743157617e-03 1.587669502296674973e-02 -5.897176855487604868e-02
2.234662214480150413e-02 1.735714786859708994e-02 -7.257889096756577063e-02
-2.075649100771478558e-02 2.594752026605958925e-02 8.726046396531117466e-02
-2.411428395207298667e-02 -7.502640135313658372e-03 1.044395874764542098e-01
3.673889080068597907e-02 2.273443851329302878e-02 5.479548211536355157e-02
-1.493445254030124382e-02 -4.235980685520047279e-03 6.731202102187919256e-02
-1.311217000696396351e-02 1.271670057770072715e-03 8.713203581933506858e-02
6.275449039604548591e-03 2.451510803867466143e-02 4.328310289429462420e-04
3.804285462529968798e-02 1.927762964131955444e-03 -6.269131416889285602e-02
-2.342164497446378932e-02 5.885303907638434612e-03 -8.405423503126481510e-02
-1.060173142666944075e-02 -7.926082885301858824e-03 5.900541789504647888e-02
-3.948840106963000252e-02 -2.235731047279106848e-02 -7.629960757954626360e-02
-1.746581540266020291e-02 1.243024983608327291e-03 -1.378678979575448382e-02
2.851916552340988051e-02 -1.098980475662551630e-02 7.971873610865880255e-02
-7.502725428304927134e-03 2.732084204202845507e-02 -1.633503131270125086e-01
-5.090413329215702672e-03 2.717942374238004402e-02 1.210910281771249430e-01
-4.185260754613712858e-02 -1.425333156651561843e-02 -2.750828868107126415e-02
3.089164834290780703e-02 -2.822789001268610678e-03 -1.142505955139470064e-01
-1.188229602037745025e-02 -2.584042443436053438e-02 6.087557968566185279e-02
-2.892542204551233620e-02 1.826455968301616758e-02 1.154290573410744758e-01
-1.715762223781158724e-02 6.466165569415829872e-03 8.930203733480043815e-02
1.807559096550209049e-03 1.453685851329218452e-02 -1.459450161703815425e-03
1.634685613175838968e-03 -4.249302824036027548e-02 3.981307948019582876e-02
5.777426742198710913e-03 1.950279784048858378e-02 8.504154290989347775e-02
1.084048124695267262e-02 -3.646819951896514145e-02 1.113012893566282524e-01
2.650504280301779758e-02 -3.209250160156106122e-03 4.795926271401527996e-02
-2.173549269354351984e-02 2.726579277701817947e-02 -1.695421568824410224e-02
-1.713855627199807261e-02 3.192435032520046789e-02 3.496155813540501034e-02
-6.561174021668850220e-03 1.210422521448251826e-02 1.751013646124819634e-01
-2.483566421592081543e-03 8.190017985750209714e-03 8.071206733253163956e-02
-2.186022127713878327e-02 4.075705939669421740e-02 4.676722812280617592e-02
1.033647888462566056e-02 1.417110681823371791e-02 -8.136444275988616304e-02
-2.922195991791771280e-02 -1.866974788798940466e-02 1.161051511514631374e-01
1.617870433522580406e-02 9.169098792813419607e-03 1.126364453459481885e-01
-2.782055629172368316e-02 1.615573852779701378e-02 1.294378901838430795e-01
-3.780136811785358986e-02 -1.780772102229707683e-03 1.246679365894094449e-01
-2.438829119260792211e-02 -3.110175784495687948e-02 -8.794529191059601014e-02
3.424795646292143336e-02 5.654063625631595112e-03 1.837492179620051416e-02
3.096623747099579507e-02 -2.015611533420591517e-02 4.314982522361853617e-02
-1.929932294446004559e-02 -4.456196924334032000e-02 4.148003652877071956e-02
1.739422772600431565e-03 -2.397374279031813660e-02 -5.041841380293115432e-02
-4.679026442502232097e-02 -1.640881730007161948e-02 -1.174450629028995705e-02
-2.131982784276856974e-02 -4.011109131168578285e-03 -1.390858566411304620e-01
1.637326364918501162e-03 3.702267182764557019e-02 1.091911490282684166e-01
1.155706871730876294e-02 1.220154740943359128e-02 -8.267795022545650074e-02
1.399557424491641548e-03 -1.408231976668357192e-02 8.426476176728267542e-02
1.264948555795874889e-02 -9.445012419308689358e-03 8.206155763905595424e-02
-4.601915627879548526e-03 1.198556719685626992e-02 1.738286355885632073e-01
1.434354764220061376e-02 -8.375433674027881956e-03 1.208717749036403860e-01
-3.229415607702119245e-02 2.751711820361097630e-05 1.190125469898988264e-01
1.049152643867655400e-03 4.046668575471722845e-02 4.519822767841238237e-02
4.615394186166401486e-02 1.024975430870560429e-02 5.070929009235129042e-02
3.437092637608581830e-02 2.677505442665129021e-02 -5.938005750880928635e-02
4.753205159606663927e-02 1.072070187261080915e-02 4.042815022731400393e-02
-1.081283860162077573e-02 -2.774816440083258118e-02 9.283652444536402357e-03
-2.872098263693485809e-02 -1.825663728298404867e-04 -4.879544528873851900e-02
-1.558719699728399258e-02 -2.114069029366557120e-02 -1.605532895529219184e-01
-2.879011647303276328e-02 -9.815039395174595532e-03 1.012019131036417802e-01
5.073473723512183543e-03 -3.863043365250135724e-02 -3.291291300282409016e-02
-4.672719240778087924e-02 -2.573108201582276211e-03 -4.484517205492988268e-02
6.818450252226434388e-03 -2.438222986248322205e-02 -1.487639587681231779e-01
-3.167080646903881747e-02 -1.060078932330710787e-02 -9.337126729890998789e-02
6.874426588970336365e-04 5.115116221429621447e-03 -1.509820271612464793e-01
6.505954059255022320e-03 2.434971364374654765e-02 -1.266510359443452360e-01
-3.325937782358884265e-02 3.432147165664010263e-02 -1.293922818667255642e-02
2.129416554425861039e-04 3.792392704065612047e-02 -1.257627688619100126e-01
-1.184436757599920120e-02 -1.439416572447166495e-03 -1.762243219468669422e-02
1.028001415858162751e-02 -3.884356553893313774e-02 1.168597555530129575e-02
1.905630666358464759e-02 -1.916132928238418673e-02 -3.881760009293772073e-02
-3.613882385232673137e-03 3.977455586692048295e-02 -2.525869589035094342e-02
6.109271704538061891e-03 1.976882166714219805e-02 -4.267619538510324800e-02
-3.855187384166936654e-02 1.890972468727299474e-02 2.483089186796528722e-02
3.321474346353858048e-02 8.886706850729042626e-04 -8.115912824769033751e-02
-2.873067493264774494e-02 2.885715313744630778e-02 -2.268114484479235443e-02
-1.169637526230182106e-02 1.579764394354046461e-02 -8.120459412031598434e-02
-1.643952186933644866e-02 9.910246846198057097e-03 -5.493325116206348308e-02
-2.817297329098396308e-02 3.636717255463338405e-02 -5.984255143700213664e-02
-2.177407671287828750e-02 -2.603490368112915815e-02 6.094918401704057381e-02
-3.697627645647481170e-02 2.394060784367196826e-02 8.423820266850866323e-02
5.508664428994891615e-03 -2.984340021018669006e-02 -5.002480268396569674e-02
4.006135493205028979e-04 -3.182786167925720500e-02 -1.081153349604507471e-02
-2.209740623412534757e-02 1.742285995376403884e-02 -5.763180797984011200e-02
-3.315949375986026321e-02 1.383687834970744046e-02 1.518242819248082076e-02
3.100952472274211627e-02 -4.426484610973439220e-04 1.170367723549384648e-01
-1.736753588629721888e-05 -2.588750399650654815e-04 1.907077075895571572e-01
-1.556725143068422683e-02 -3.668327884445514442e-02 -9.138593186253268774e-02
-3.647547337859168015e-02 1.653852926780052454e-02 -3.689948169972086245e-02
4.842638860637649839e-02 -4.933058108223463759e-03 -2.480664300006836520e-02
7.498167614163470107e-03 -1.479303843109184939e-02 -2.042012363720024579e-02
2.466821364955549406e-03 2.019608715025409534e-02 -1.184977947782358126e-01
1.910008821701674950e-02 -2.210918332413768644e-02 -2.149667699960935291e-02
-1.846206600402046025e-02 1.877609941028711253e-03 4.571723837376501925e-02
-1.072784710553637694e-02 3.267191870241065860e-02 -1.424466662752688906e-01
-2.285934828565863025e-02 -4.240029245368792665e-02 -2.487339563981204316e-02
1.768573404030469517e-02 -3.776601790773756462e-02 8.606093982132628772e-02
-1.135768978205491456e-02 -6.463333670192611402e-03 -6.175508625468017349e-02
-5.362462769272637042e-03 -2.207239056941663613e-02 -8.485898588906920503e-02
9.721739643542249079e-03 7.593059015942692572e-03 -4.427737727882925800e-02
-1.263373782025264958e-02 -2.698078126835434104e-03 7.674065955334181954e-02
-9.343311321316187176e-03 2.965725050610618779e-02 7.776664751893785921e-02
-4.234474925683597707e-02 1.532450663919393032e-02 7.689916192107922044e-02
9.309125313133102472e-03 2.980748470139283485e-02 -1.551605272528258916e-01
-1.198562408253933502e-02 1.200304932315152638e-02 1.283525015946586911e-01
1.297605608391867206e-02 1.449727686168659699e-03 -1.854472870213457747e-01
-7.234951137409840766e-04 -4.353720748362180371e-02 -2.089343312685850232e-02
3.422233702096647706e-02 -1.758644081914503832e-02 1.218723982933825889e-01
1.837843665161779591e-02 -1.537295769954504822e-02 3.642172144510343046e-02
1.461582620926696623e-04 -4.623235590609096890e-02 3.631484198655032108e-02
-1.443760203268990711e-03 2.343516847160821703e-02 1.672899350836848098e-01
3.626609787207468044e-02 7.795883428994933306e-03 1.310018832185133320e-01
-6.407794852336411162e-03 7.817873306561260241e-03 1.879709839154951323e-02
-6.740261038654164934e-03 3.844016227723748291e-02 -9.082545541581997506e-02
-4.071783080342868122e-02 -9.956960821906436082e-03 4.736569550977517279e-02
-3.968155843528029664e-02 -2.178832254905691684e-02 4.685384292753240476e-02
1.320850764656733914e-02 2.152690437004568455e-02 2.714350684664330188e-02
-1.530444147864413497e-02 1.140186453410908622e-02 -9.454562064477764483e-02
-1.411622258893869934e-02 -1.456866977310517820e-02 1.937618853629705790e-02
-1.963649709195098778e-02 -1.097737663789074593e-02 1.004168568699233266e-01
2.032885944819795912e-02 3.380806096190930310e-02 -8.292049341399500284e-02
6.105570477483816642e-03 -4.113617876874328672e-02 -6.183211493991052493e-02
-1.117900880846750024e-02 -1.778546035985351451e-02 8.025649647528930453e-02
2.599098356955484301e-02 -6.075008685328715449e-03 1.164944101399650010e-02
1.897546836275815696e-03 5.861585867634374822e-03 -1.292528334585673067e-01
-2.273788516001978670e-03 -2.050732020127473462e-03 -1.445532981893216662e-01
-2.897711472374557909e-02 -3.142178651369861159e-02 7.394372544367991407e-02
3.823837362349567087e-03 2.457537434979641111e-02 -1.594505435519910086e-01
-2.587576543027321832e-02 2.001938198587353140e-02 -8.390827860283565920e-02
5.663803117536172875e-03 -2.753844942372493665e-02 -8.283026747904359555e-02
-2.683484959601726422e-02 -2.208048375830491683e-02 7.433564138599477178e-02
2.121134957729019221e-02 -3.780788274343183097e-02 7.500601627654310266e-02
-1.738730968049303355e-02 2.650756812407769822e-02 1.570759440535405768e-02
4.063810354520692699e-04 -5.424747907179642767e-03 -2.097738576975817157e-02
9.355198826802161791e-03 -7.386120190812659435e-03 1.310123382660211833e-01
-4.801865104639872935e-03 3.701233927051305467e-02 9.960286015341023036e-02
1.146679620108229103e-02 4.223240676459990434e-02 -3.906719701490190492e-04
-3.662413591321555389e-02 3.861935316430685841e-03 7.494702980830404704e-02
2.858553475770230987e-02 3.424943135479115164e-02 -2.694181720119512985e-02
-2.453721812153593362e-03 2.704954745620298528e-02 -7.292510615181380107e-02
2.346095921994473255e-02 2.986280849877044619e-02 -6.114863877674826809e-02
4.921542249745662623e-02 8.428631069296891806e-03 8.463128613477000420e-03
-2.544988521558497196e-02 3.671840047502068077e-02 -6.320225480338301227e-02
2.045297562106459729e-02 2.972397011585102555e-02 1.193088592869599451e-01
2.387997295960934269e-02 3.395689902815784977e-02 9.442602888783167836e-02
-1.293674435704501424e-03 -3.196101905112205799e-04 -1.190484247132714835e-01
3.419094838709774153e-02 -1.273079779701381635e-02 -5.864905629492420114e-02
-2.426831475682135475e-02 2.122038631233097092e-02 -9.044438921119936359e-02
8.559115438246505878e-03 -5.825158685440267464e-03 1.525036787885486744e-01
2.785323766329001697e-03 3.594832898622184886e-02 9.442975015451707255e-02
-1.462478101755264673e-02 4.656211191590166852e-03 -3.652211873955349408e-02
-5.374150235747621358e-03 2.505851058327063230e-02 1.301318235516342459e-01
-2.650866454038099465e-02 -1.883925357036626141e-02 -6.299208191630932541e-02
8.593263706798807272e-03 -9.346259885249307009e-03 -8.484639708747977738e-02
-2.025541379035884076e-02 2.214029247533309819e-02 -1.136303801439266792e-01
-3.216666411432302780e-02 -3.059100681316467493e-02 -1.525797563403527568e-02
-2.661405601785200858e-02 -3.679944634792564097e-03 1.378220205304158674e-01
-1.312526079313630460e-02 2.066904058119174454e-03 -6.162140197227664734e-02
-2.331201970022157464e-04 -2.786233303397267318e-03 -8.774763051133904757e-02
-3.085446607322573677e-03 -2.273075473271013794e-02 -9.139411681158114698e-02
-2.540104319580983178e-02 -2.302808046101553416e-02 1.115876197708720458e-01
-6.457243698091141848e-03 3.277371526541927871e-02 7.719913142428701247e-02
4.643062709092382894e-04 7.544319954286087503e-03 1.637213931029361455e-02
1.634148696219478794e-02 3.309780143508026223e-03 8.842633985177207612e-02
2.570772828727265272e-02 1.501012512368119639e-02 -1.006263445976223747e-01
-1.803423705279312344e-03 -2.062475835303849425e-02 4.768208519833506270e-02
1.808797385720222958e-02 3.297515807160265877e-02 -1.270939092402132986e-01
-3.398678134486073088e-02 -2.000557058054525106e-02 4.167338026597802725e-02
4.256342583404842429e-03 -2.171705867759931782e-02 -1.582944203915473969e-01
-1.224051728514480297e-02 -3.962678153969075717e-02 1.113423782624784891e-01
2.812845318002059683e-02 1.867423195083533008e-02 7.221572511547251494e-02
6.954530000128420278e-03 -2.789725888443162632e-02 1.517201809074222862e-01
2.233341672349672957e-02 -7.641658040443860891e-03 2.789485381647120038e-02
8.300645124824503757e-03 -2.407652187316215633e-03 -1.872230632491806990e-01
1.836479010147441500e-03 1.452499777489461678e-02 1.297790094573796904e-01
-1.868950597388208471e-02 3.376645897624579867e-02 1.082534619262340708e-01
5.374922721274013465e-03 9.272097208294846626e-03 2.219045505090797964e-03
6.692552313233179895e-03 3.376705222017261591e-03 3.089953227937107527e-02
9.555940153433025580e-03 1.099283665606616903e-02 -1.327598099900884621e-01
-4.211191786675016341e-02 1.324904260612875390e-02 4.937293670479353525e-02
-2.358142670704626524e-03 -2.101592533962510362e-02 -1.017236739966795728e-01
-1.252604645099662621e-02 -4.643829105695226195e-02 2.458374336951718586e-02
2.670924956072267750e-02 9.499905679927044683e-03 1.367347991871915303e-01
3.008281286887274503e-02 2.188372321613615487e-02 1.223675259032213775e-01
-3.056785741670616993e-02 2.811116188742152772e-02 4.771513241475962980e-02
6.127842805556314894e-03 -2.954071308953552105e-02 -1.201106792220423686e-02
1.292446815738119807e-02 9.326180668281438754e-03 -1.352096322370270332e-01
-4.785642863699229865e-03 1.287749278452959400e-03 -1.344656917149891773e-01
2.002409464860888458e-02 1.190736524823270831e-02 1.541245760188500458e-01
-1.606856228828410990e-02 5.667479536217002664e-03 1.014940653415771776e-01
-5.913874330671824511e-04 4.520414688542027937e-02 -7.445587577161261530e-03
6.993185221495491072e-03 -3.000593685019892903e-02 -9.851899330941454869e-02
-1.686908633555713952e-02 -6.430470847367988907e-03 -1.617809023147679104e-01
2.433110751360496524e-02 -1.354216021920816651e-02 -8.091680559277976414e-02
2.013673061301214651e-02 -2.668603242895790234e-02 3.288748357794739341e-02
-2.403110371140990131e-02 8.751271101904332331e-04 1.942802085131756229e-02
9.705843781715954577e-03 -2.154306368164141117e-02 -1.297764395023688067e-01
-1.254603723557702610e-02 4.616454995534582592e-03 -8.319281683338035360e-02
-2.160143605535113850e-02 -2.416536344003860498e-02 4.238904979323823707e-02
-3.141782109733025352e-02 3.760961583557321554e-03 -4.227737096419115909e-02
-5.366762731641007943e-03 -1.098936558715859699e-02 -3.783554886889146235e-02
-2.606259474461809778e-02 6.232995624319592406e-03 -1.033434676358689769e-01
5.343232711852796170e-03 4.788533373907943001e-03 9.916659438800037862e-02
1.470479909017981951e-02 3.760887468580595416e-03 1.281304517454827929e-01
9.647365328653473987e-03 3.057902928918597441e-02 -7.042860275793901004e-02
-2.965695166854537268e-02 -2.142491383652855852e-02 -3.395200204901658442e-02
3.672904608897803111e-03 -2.818882833897312732e-03 -6.923135303664258722e-02
-9.030085492658317765e-04 -1.930778081551569325e-02 1.233888836146559004e-01
3.445831419276073389e-04 -2.399221545617569867e-02 5.845919754230404636e-02
2.876880719312277165e-02 -3.860888928764549116e-02 -5.112162799805997082e-02
-3.871806184265216139e-02 -7.209694628525435689e-03 -1.166335078031516814e-01
1.484489792680596804e-02 -2.216392009688744613e-02 1.072304427722658438e-01
8.159997867988861772e-03 -4.453022412126761420e-02 -6.506944653092265607e-02
-3.163659468681282241e-03 -1.520942176319443721e-02 1.797481034000794897e-01
2.472482209588428015e-02 3.937910695380754042e-03 3.816729181748660521e-02
-3.595387269314896661e-02 -4.364357142439631403e-03 1.247345194926866019e-01
1.314485881657596542e-03 -4.523894780040998292e-02 -2.460718976455144365e-03
3.045186121120858902e-02 -3.171206624712302052e-02 2.600826572215224688e-02
-6.667400395138284482e-03 2.714054934409850309e-02 1.549873757505511596e-01
-2.845292852094724254e-02 3.182453962206188008e-02 -1.381918021319223158e-02
-2.829821402598113947e-02 3.362836408848591391e-03 1.575244379841643783e-01
-1.415007542823626396e-02 1.978672211336204509e-02 -1.448130897191576144e-02
3.316802242875860687e-03 3.792638950771420880e-02 -6.972337606605777394e-02
-5.952565130749280266e-03 -4.067006376883261498e-02 -6.367889477816842357e-03
7.949749729679135568e-03 1.559852453773956718e-02 1.111093754481800033e-01
-1.010470986933862010e-02 4.370565773564136225e-02 -4.052815093724849299e-02
2.639985855783163679e-02 -2.707075462299187926e-02 -1.598641903118176374e-02
-4.113256343015891242e-02 -1.716475205691434447e-03 2.033529787837176639e-02
1.923258418410985632e-02 2.206865521492017146e-02 8.790007937516618880e-03
3.190678798026832380e-02 1.485194414764359067e-02 8.081259783302063848e-02
-2.270500061100420158e-02 8.921678698758032933e-03 -4.918514009330719750e-02
3.281219004488691859e-02 2.173723326919406451e-02 1.018857015303480384e-01
3.070034236962461416e-02 -1.120647259504995580e-02 1.140492400049183952e-01
1.548479605649730412e-03 -3.581829535976057549e-02 1.769633564446825014e-02
2.053630317095675104e-02 -6.839404876278465904e-03 1.045882493470198238e-01
2.899557520552570322e-02 1.925951924651017610e-02 -9.320479270591733312e-02
-2.378132778345855899e-03 4.065046049951021728e-02 -3.957461084326180378e-02
-2.525392588961777873e-02 2.674161672417816465e-02 4.737473494302248817e-02
3.865820711527648279e-03 1.970582354857529361e-02 -7.999390538772370440e-02
2.408364446192508279e-02 -8.023989762759252062e-03 1.053382757679743736e-01
-1.149844543492247601e-02 3.432270992296809070e-02 -2.813529573450048241e-02
8.244539596470885218e-03 -1.563925001381839472e-02 -1.221072503995272174e-01
-1.343085440462447704e-02 1.267518131471471500e-02 -1.400808358290766831e-01
-2.463303657263645960e-02 2.958888834731778980e-02 -9.657188032533525757e-02
2.735232712431959201e-02 -3.360761764055393563e-02 -5.440150748316301826e-02
2.174536962641325857e-02 -3.265952382991645780e-02 1.019509659594754203e-01
-3.564877480785560299e-02 3.730367483394439552e-03 -5.778784408429902403e-02
1.202197014178590755e-02 -2.965191729742141721e-02 1.164204764494308625e-01
-1.155761600109936338e-02 -2.605868589344394540e-02 6.904881199020303228e-02
-2.251159013252423957e-02 -1.355383239228601794e-02 4.739175118659710514e-03
2.685512226723288723e-03 -1.465147864697266544e-02 9.801043310528544106e-02
-2.097731691020454994e-02 3.082310947385489414e-02 8.383933185529686416e-02
-5.804509761366202520e-04 -1.665114168206236964e-02 9.188278556993995094e-02
-3.230866061041624132e-02 -3.417654236729193024e-02 -5.490321981997686035e-02
8.540927881492835563e-03 1.979229561345688046e-02 -4.416294121210986856e-02
1.139689910066719707e-02 1.187459249805523226e-02 7.550932356727496630e-02
-1.950081346670633209e-02 2.499838473531572347e-02 -9.524140713660284030e-02
2.963645170731689371e-02 -4.888382602565691064e-03 -1.415648914581883189e-01
-3.071000081577983376e-02 -1.622570895081260761e-02 3.437293511761879694e-02
-8.595395747477441737e-04 -1.979256889440675349e-02 -1.490854113858936791e-01
2.548083115840195367e-02 -1.404447917801207417e-02 -1.890926717052443876e-02
1.307406897524571177e-02 2.006135147253964440e-02 1.694868245262391160e-01
2.209478560136148365e-03 -1.478387841153051135e-02 5.160888254871866254e-02
-6.649355968200765243e-03 1.293721148520515785e-02 1.178670275154247576e-01
-5.511793987957847550e-03 -2.385655792882461837e-02 -1.095372203669882777e-01
-6.760722774232593227e-03 -4.316267311744911503e-03 1.132373892137989446e-01
-1.431829457653863158e-02 -1.112021309886590190e-02 3.939159574592362989e-02
2.393695113159453880e-02 1.125454709015695498e-02 -1.277461390441469169e-01
1.573539949024660434e-02 2.246412594319523170e-02 1.189335739603450959e-01
2.485618174194488550e-02 -2.485634611533686991e-02 7.499770186724162568e-02
4.195584589132508868e-02 -2.401585045791893372e-02 3.580844409473282058e-02
-2.967081700539800360e-02 -1.573101615200859713e-02 5.173981560913412658e-02
-1.600323667295995567e-02 -2.953956353162218856e-03 -1.349551030189009015e-01
2.305472407231794196e-02 2.655385532554040140e-02 -1.121587146278482661e-02
2.581656509684601350e-02 2.248439884397619021e-02 -5.932027007163459542e-02
1.535557618228169940e-02 2.956792186043028653e-02 -7.783345233384961204e-02
-1.397716318094124367e-02 -6.986562690757891839e-03 5.941815743019190216e-02
3.331799641351461394e-02 -1.602895971840958417e-02 1.143966673130934891e-01
-5.606807965051335829e-03 1.473659764368549091e-02 8.397792540621690227e-02
1.270988954960337175e-02 3.538728564983723013e-02 1.092656054398789128e-02
4.082121004945901514e-03 1.041745072171538188e-02 -9.350212016539881377e-02
1.898685484198930212e-02 1.138199781244714909e-02 -7.989268832977867996e-02
1.331530433769139224e-02 8.110972929064794862e-03 -1.119923568667929303e-01
2.969868822763556751e-02 -1.213616770937461786e-02 -1.230900682950201164e-01
2.437815956730718381e-02 2.065455237110205150e-02 -4.829962645646974223e-02
9.021975429741388094e-03 -2.272381641169492206e-02 -2.730128986436386115e-02
-2.736959506515343130e-02 -1.053995370280979421e-02 6.385344379386766189e-02
-2.251834407782400682e-02 -8.264439684301329303e-03 -7.254307582635690331e-03
2.767922806223144239e-02 2.945149117658897586e-02 -1.156420554672527579e-01
1.160840982123708710e-02 -4.973603431218762139e-03 4.789595968281076636e-03
1.754555719971124736e-02 -2.204827397094651347e-03 -5.822837304483048648e-02
-1.978563369519684145e-02 1.854433083053710907e-02 4.636036397546834664e-02
-2.680884271093337406e-02 6.095878792095221765e-03 -1.479644595373391103e-01
-1.911152158079354457e-02 -2.796425614467573303e-02 -4.045116742898528794e-02
-1.376470771668895920e-02 8.622059619446490256e-03 7.318211608035955773e-02
-2.439277576863664934e-02 2.465464974217440597e-02 -7.672544807903559916e-02
-9.939489766094662671e-03 -2.992113087934178406e-02 -1.266706510298750976e-01
2.636340598271912430e-02 -7.570848305458503791e-03 -6.673983849317120798e-02
3.055460894029977253e-02 2.547123254143641990e-02 5.229897877417356844e-02
4.359513981948030803e-02 9.681377780024948837e-03 -5.207684066779610238e-02
7.959981755137740186e-03 2.689605438908271307e-02 1.265043426130027862e-02
6.519661069410981682e-03 -4.210358621656114242e-02 -8.372839829676244350e-03
2.319622615773112018e-02 3.551011791587940780e-02 -1.516319662304709860e-02
1.408709758623474632e-02 -1.674609855979052389e-02 5.347422798923373577e-02
-7.156217218116070651e-03 -3.628198822083130576e-02 -1.125819798679551509e-01
-4.719779099267399324e-03 1.046316565829239625e-02 -1.766304430688189417e-02
2.810642256103874220e-02 -1.212095904748061899e-02 -9.479860551027316506e-02
8.006021354411909860e-03 -1.866484873920064421e-03 -4.679158872654609613e-02
3.180788714604387141e-02 1.887250476287818252e-02 -3.858124942765904508e-02
-2.762171887744514776e-02 -1.740362598333063809e-02 7.083462641242975824e-03
-2.633490077762859136e-02 1.988415333928404347e-02 8.583787581279578305e-02
1.243369856284666302e-04 2.890179873260334542e-02 -1.086235432387464839e-01
-3.751249442345586105e-02 -1.185668447441010596e-02 -1.131929313061491166e-01
1.688474167275084287e-02 -2.365428738526229729e-02 -3.397844875783172930e-02
-9.868378887918876144e-03 -2.402252249659168545e-02 5.855969322635582591e-02
-3.715302117922324177e-02 2.495839144259116502e-02 7.519847830058976057e-03
1.275838523633205518e-02 4.196397760215854478e-02 4.970522272250688101e-02
-2.949399828796364555e-03 -2.632543912398128613e-03 -1.601260499369583090e-01
-3.301296723528665544e-02 -1.037416985857286811e-02 -1.154498673535280101e-01
-4.205799284707209540e-02 2.087016185023952627e-02 2.703719778608482116e-02
-2.466347928420199731e-02 -4.211847710948118939e-02 -3.636863686074386787e-02
1.246956163719024208e-02 -3.328388020357386096e-02 -1.149729439266186648e-01
-6.061692457568625819e-03 -3.474284554804460412e-02 1.185859169252455499e-02
2.397120804903321578e-02 2.834180813652094344e-02 9.104201054916678110e-03
8.743781826272825283e-03 3.644409114911763975e-02 -4.897890974845671430e-02
-3.964189962140585166e-02 8.289932135508163574e-03 -5.762946845021807429e-02
-3.593047560023088227e-02 -4.323940552790336150e-03 -1.377597121280455528e-01
2.126633034974777237e-02 2.407071135297526518e-02 4.278451017678389957e-03
-1.517090472815950690e-03 -2.171498373666259831e-03 -1.224971988097730002e-01
-6.466060990026909448e-03 -2.979819120082601372e-02 4.129334474421050838e-02
8.344723184687157999e-03 -2.919069467201891935e-02 -1.340201153708672210e-01
-3.079240856424714928e-02 7.914565036838372772e-03 -1.195497832505600516e-01
-6.156588340237995061e-03 -5.689967110842633451e-03 -1.902550939438699684e-01
-3.630283486186854786e-02 -1.021478059322882340e-02 5.296192944236902123e-02
1.566647990570234350e-03 -1.803831452625285353e-02 -1.048732882784638304e-01
1.027504466983474550e-02 3.769484313256047520e-02 -8.515840417158743181e-02
-2.851576477257935019e-02 -4.204669622388460502e-03 2.989214963265962241e-02
-1.041913849017703404e-02 -3.189278642149253728e-03 -6.294965744291268483e-02
-4.541410485356149607e-02 -1.435664677629474965e-02 2.741727302879837930e-02
3.518895003801271459e-02 2.328590681075231109e-02 9.479504451057561842e-02
-5.872584237749555423e-03 -8.384937676343590801e-03 1.692756348680323764e-01
2.056967872387398255e-02 -1.919131006981826385e-04 -4.041683275055563823e-02
2.971396452254353171e-03 7.534622853215000755e-03 -1.248663374727963654e-01
-1.600911034389293063e-04 3.354936858931730631e-02 2.867592788426167119e-02
1.332956334622355937e-02 1.236613333173375989e-02 1.620614338670753884e-01
5.496000874453966503e-04 -3.302298721673951887e-02 1.255617981085774548e-01
-1.573491554440882220e-02 2.516792493632519223e-02 -6.313849220248617111e-02
-3.817986594732766109e-02 -9.076298618506405819e-03 2.663295685842990285e-02
-4.961547054703269871e-03 -4.467583056057030516e-02 9.891171399208675483e-03
-3.817914998832761236e-03 -5.799289238916960007e-03 4.381470549820008081e-02
6.005049559858275775e-04 -3.381817493845751255e-02 6.811268835872088222e-03
2.474501894324194345e-02 1.664603673108338774e-03 -1.583472667619464230e-02
3.935639112031481639e-03 2.568010674354294365e-02 9.777920758776152688e-02
4.958982787650993707e-03 -2.374862518841759987e-02 -5.993669273587878127e-03
2.318837232351705826e-03 2.200987490306094765e-02 -9.290568410864623317e-02
-8.897666785378476051e-03 1.243677028823156686e-02 1.695468068727396527e-01
3.331351253340944507e-02 -3.691329428839840165e-02 7.912973197606342976e-03
2.836067037177082695e-02 9.186245503393390341e-03 -1.231924042078247350e-02
4.842312999879045537e-03 -1.186557315332341725e-02 1.674450612038483333e-01
3.059805495469358760e-02 -2.363755325593786677e-02 3.391319663955668067e-03
3.206294402658690923e-02 2.818033552061398675e-02 -7.143961898856531628e-03
-2.199736068593060104e-02 -1.553605049595309200e-02 7.007251575168406410e-02
1.645077249508995754e-02 -3.451576026172705619e-02 1.634955255494047882e-02
-1.030697096360435596e-03 -4.377453045103649881e-02 -5.335046642927239458e-02
-1.966113586859810983e-02 3.956041591688137099e-02 -5.722400946193256788e-02
-1.595747761132391626e-02 -2.938057852913004975e-02 1.443777578347300028e-01
-4.481682829564320736e-02 1.846092913442921174e-02 2.434945043668258757e-02
-2.523136242176185484e-02 2.024141339752464838e-02 2.950517723014954921e-02
1.873227189597089989e-02 -3.344542858579973438e-02 -1.181823024152848234e-01
2.143426687832100316e-02 -2.048088539556118179e-02 -6.732687782058137393e-02
1.593501391087531402e-02 1.673246472764304202e-02 1.603399405178836945e-01
2.375391978726304476e-02 -2.815140635352667009e-02 -1.285948910903759734e-01
1.053307382949347781e-02 2.323262778905098302e-02 -1.667762391673970057e-01
-4.537485576671043686e-02 2.044141172729960557e-02 -1.590996146968500988e-02
-3.086050393147120666e-02 -1.286108905904536671e-02 1.338944012147976481e-01
-1.264016580039810725e-02 1.428504867804312843e-02 8.060273906462006588e-02
7.208280117499581315e-03 -3.241166238389863591e-03 8.214663291156280855e-02
-2.135396844629094265e-02 5.013806032212937171e-03 7.237895049561673955e-02
1.003481316078030580e-02 1.073299574698777237e-02 -1.185522352916508898e-01
-1.702601405379077643e-02 3.160585959157255487e-02 -7.978118577779183540e-02
2.550781428218652173e-03 -2.226510318463333082e-02 -8.043186263449157714e-02
6.705222260447923910e-03 2.555705344591562359e-02 7.129200659868668855e-02
-7.956010076012329582e-03 4.224700838090592048e-02 -2.715711835539228597e-02
-1.848094386835313213e-02 -4.280742321446397158e-02 4.813456472912028966e-02
-4.224776543885277492e-03 -2.400319531710866372e-02 -1.383411988463730813e-01
6.224611515606211058e-03 -1.458280450836343424e-02 -1.720756256593919398e-01
4.469711781608418782e-02 1.567599284788217390e-02 -2.572104162445320100e-02
3.498906351401755155e-02 -2.997229121327260604e-02 -1.419729951550882142e-02
1.569880412105387549e-02 -2.723611729668575301e-02 7.419013794279076535e-02
-1.920167648434251140e-02 -3.363056990293577381e-02 -2.910070843388726236e-02
5.935082097896747511e-03 -9.134700615175385613e-04 3.721567234773170973e-02
-7.569699019442238663e-03 -7.802458086947489102e-03 4.270459311406633873e-02
-7.872770125709587993e-03 7.945098576838848653e-03 -6.065130297678603122e-02
1.231549118869879923e-02 2.773405061464423449e-02 -6.872248961505260899e-03
6.654248167324016382e-03 2.540455838592283952e-02 1.452514537895657210e-01
1.016070657825278445e-02 -4.387446267080098716e-02 6.982444655260294786e-02
1.711548219338185437e-03 -2.985021673277617194e-02 1.322636593905115732e-01
-6.862469574604921317e-04 -2.752811381919293560e-02 -1.552513937467343563e-01
-2.508533003590390775e-02 1.125178717287216197e-02 9.288886441807269259e-03
2.729525667624307581e-02 2.553310278753502527e-02 -4.113598995709027289e-02
-9.749839740036998423e-03 3.488884535275390414e-02 -1.314784187773044566e-01
-1.756027109708674025e-02 -3.188687762432394768e-02 -7.364609655531306753e-02
3.184987879937263566e-02 9.623697719886151192e-03 2.494114504925906695e-02
1.988301144138484439e-02 1.191393576789464420e-02 1.254842185836685109e-01
2.774845563023415479e-02 3.290575995994164671e-02 -6.024529867085817725e-02
3.334811211647189383e-02 2.387468562699390437e-02 -5.812323061741471453e-02
-3.806811279125550153e-04 2.900337443253374684e-02 6.295202895153907685e-02
-1.578554219745710238e-02 1.100804623005672417e-02 1.659026558392284467e-01
-2.357469443480066096e-02 -3.180708509950196800e-02 6.661623885353662455e-02
-2.389338410846212485e-03 -3.522426830227167599e-02 -1.071001970359976296e-01
-1.775446339236259191e-02 -3.217902773427809560e-03 -4.942593538924608398e-02
-6.628424266069085982e-03 7.610508346138635319e-03 1.605157485675696716e-01
4.503622884271615834e-02 -1.135971098702683903e-02 -6.952826494461254725e-02
-2.401878579770249170e-02 -8.303507016350899703e-03 -1.506683747425686393e-01
-4.108753058785434564e-03 1.271895872380209361e-02 -6.842266079522704714e-02
-1.577607441032078013e-03 3.186171088142623897e-02 5.345861086494445996e-02
8.253816637057992053e-03 -3.983653369378369058e-02 9.681352845922566730e-02
2.782899946278950126e-02 -2.777947763302832801e-02 1.008575531668180203e-01
-2.768714294025177713e-02 -1.817103573663825938e-02 -1.309267526869843656e-01
2.165607712569671273e-02 1.714850059076780675e-02 -6.717134554732108465e-02
-2.924425154190951268e-02 8.164635672265243421e-03 7.525549585663945940e-02
-1.658308089052516407e-02 1.317609702350955661e-02 1.337501651905699807e-01
-3.708924745719004937e-03 2.783403493653561350e-02 4.641782368716600160e-02
8.316134808537508846e-03 -1.220953823951025780e-02 2.136814000486462334e-02
1.931519163267848838e-02 8.157635257853622021e-03 2.080417224042058200e-02
-1.595153547046138445e-02 2.925534094569886071e-02 1.340643674232620819e-01
1.920518305498693928e-02 -1.030341295249028420e-02 -9.181406417836888989e-02
-2.618449245282613788e-02 4.081805040629872539e-02 -1.510191938226210055e-02
-2.389327527281772875e-02 2.964993804487835172e-02 -7.457437172002985559e-02
3.779957957347206826e-02 1.084735455323027759e-02 3.840272485682018344e-02
1.910853156354143725e-02 1.665723889211366895e-03 1.484110630470868442e-01
4.987569577510527971e-03 -2.742640201930008487e-02 1.438542805683518389e-01
-1.802699895111983461e-02 3.113593769518648371e-02 -6.750397472212982253e-02
-2.960001872106543530e-02 2.781719368689605960e-03 6.801129279778772574e-02
4.225097242116226948e-02 -8.242672122696010836e-03 -1.384770935474110079e-03
8.505920198706288550e-04 -2.117438805627404677e-02 2.411534572866025350e-02
1.824810934722669725e-02 1.829052870686756482e-02 -1.381137574824446157e-01
2.535762450776034294e-02 3.087874281085162959e-02 -1.100164259138874528e-01
3.251152286477675818e-02 -3.164199458557902245e-02 -4.275721167369517239e-02
-1.364310472934665043e-02 -2.747830063917027985e-02 1.345513299207209135e-01
2.767159273045285972e-02 2.625783595224280911e-02 1.897370876533858650e-02
2.236020370200643079e-02 1.082455582007339767e-02 -1.058283261334631159e-01
-2.440822717548925616e-02 -5.474138635457772260e-03 7.240907727331164466e-03
3.188280381840626759e-03 -1.403868539105984463e-02 5.693964968074741173e-02
1.462324011814604245e-02 -2.440621426761844029e-02 6.434211074073829806e-02
7.184953337021908644e-03 3.096309443727211785e-02 5.218838320537349217e-03
-1.419255618768123367e-02 3.773857678618188632e-02 -4.090395105875627157e-02
-1.152570670644545957e-02 3.998626751322447749e-04 -6.856294784165041512e-02
3.522263147444401610e-02 1.078768391651765274e-02 -3.299395989612415037e-02
-2.704571968425755271e-02 -3.213896250624238837e-02 -9.698627823411397342e-02
8.140152363351553164e-03 1.228371852688702609e-02 -1.725948670689616271e-01
-4.679621106716197465e-02 1.177251954897992267e-02 4.614280490231539855e-02
2.776977554344178464e-02 -4.121012065704696831e-02 -6.666067709201652612e-03
1.421125342853926101e-03 -3.071240436249093875e-02 1.494371288712029733e-01
-1.904777289157733033e-02 -4.547687493385642321e-02 9.776699492374483005e-03
-1.611634868364946252e-02 -1.385635984578929836e-02 1.644129590569988197e-01
-1.135804449168924604e-02 -1.244844055196476368e-02 -6.624069749306600585e-02
3.070087052796793489e-02 1.821919500780119425e-02 1.363961055043670101e-01
2.316579790511754527e-02 -3.557512710109668463e-02 2.937550349060114030e-02
2.802345457665000872e-02 -1.782013621762069261e-02 1.422889216696563430e-01
1.036923569248357577e-03 -1.466133144188096031e-02 4.335128858054581452e-02
-2.624685729767996245e-02 2.385276877313082314e-02 1.619541017156295171e-02
3.057094530757043654e-02 2.068169302276630719e-02 -1.341904600850011009e-01
2.728694197540599414e-02 2.798184818096853890e-02 2.690189196775570959e-02
3.985916545201171474e-02 1.836851713407218131e-02 1.096608689043860642e-02
-7.367339855287160198e-03 1.950475099295394255e-02 9.283852341195057700e-02
6.216006783664644944e-03 -2.303710767849327656e-02 1.321653906958279168e-01
-2.967695103115713245e-04 -4.464408287133292842e-04 -2.808663494184596154e-02
4.155882781268367687e-02 1.013816508871107948e-02 -8.269980161939541330e-02
2.767932007836468745e-03 -1.655623201921085919e-02 -7.470031228981056926e-02
1.617416779378191144e-02 -1.966973249438518090e-02 1.312170661447457642e-01
-2.022590084836563967e-02 -2.084136481681099495e-02 -1.186841062048352990e-01
-7.733877694935002885e-03 -4.459335753355782306e-02 4.244377946573450744e-02
-2.018078876785757772e-02 1.216521803393620822e-02 8.617312233122327234e-03
-1.901679586663978724e-02 2.207897472456719218e-02 -1.105952933418082873e-01
2.496939123211401601e-02 3.524378700757679851e-04 -1.022833829096608665e-01
-4.233372720427858865e-02 5.451529386468732113e-03 -2.667210110590073624e-02
-3.629268053717665116e-02 -1.906688282601291459e-02 7.968609540543847292e-02
-2.909802052869757405e-02 1.070397971004475235e-03 9.974345920258426146e-02
1.493532629220115787e-02 -3.270002659233150338e-02 1.073545153590825807e-01
8.851145532516830478e-03 -8.938796297420624091e-04 -1.886577969903474594e-02
2.347794113247907155e-02 -1.914932798602497419e-02 1.308978308201604601e-01
3.550181867314371881e-02 -2.296172525545508991e-02 3.920635959344921651e-02
-1.829958600193933721e-02 -1.972764210318913095e-02 6.531698824817096412e-03
-2.370127568994776987e-02 -1.349838575744053207e-02 -6.784244946761205930e-02
1.698067059344278082e-02 -4.100819559253988250e-02 8.589597490899561483e-02
-1.777317524707750993e-02 -7.155019550007296961e-03 9.695868930653628315e-02
-3.355673919520214127e-02 -3.990827817733411109e-03 -5.389867914443744606e-02
3.885250082412475964e-02 2.621792708805072494e-02 -3.192046115088693903e-02
-2.483207900057318729e-02 1.209012972449845583e-02 -8.778552898891812126e-04
3.081971454541081179e-02 2.899935722741561750e-02 1.576677342219410388e-02
-2.076351463443582273e-03 3.055170178524583419e-02 9.523216573295774368e-02
2.108992788380166863e-02 -3.408034625820006991e-02 1.082256690520474740e-01
1.107053167965586435e-02 9.494636770073403356e-03 1.903937186609447885e-01
3.155434322035729350e-02 -9.034150016111942849e-03 3.233538696071357448e-03
-1.034997550422005544e-02 2.207870961599203707e-02 -9.240165397576222128e-02
2.412057066779007414e-02 1.393437208334055537e-02 -1.351706778188956903e-01
-2.794647275550744131e-02 7.653285133145929300e-03 -1.536717239887447350e-01
-6.043188072975325120e-03 -4.560466199470766813e-02 -2.451830007462431349e-02
-1.664369326899092436e-02 9.961103218506364709e-03 5.815448597606518583e-02
2.833571328138098644e-02 1.777031829565577092e-02 1.267161558357898787e-01
1.879463852337005109e-02 2.300637513785526791e-02 8.832267946456560936e-02
4.563633776893994548e-02 -6.512659781568310574e-03 -3.139443971003413880e-02
-2.709211235007610852e-02 1.908109622610202824e-02 -1.023175710799947985e-01
-2.465308355784096017e-02 -3.322125554015549487e-02 -5.227892170061924221e-02
-1.322001009179768830e-02 -6.033146503029430258e-03 1.631009240179934205e-01
-1.530635827232689492e-03 -1.226943247457225328e-02 1.885524010250525795e-01
2.195352113738133215e-02 -1.425153452728128434e-02 -4.271407629725110233e-03
2.037707298918538940e-02 -2.221696797224989930e-02 3.125845355308311951e-02
-8.161873728621591925e-03 2.300822194706134832e-02 -1.327950249663113480e-01
1.780509967986459996e-02 4.054316121244538190e-02 -6.736452595702042967e-02
8.069427422973727768e-03 1.262738228182790426e-02 -8.875965144334208023e-02
-5.997346415338179401e-03 1.608533131377820396e-03 9.694786766002788658e-02
3.713381859910871302e-02 1.524819782066266088e-02 -6.020913557466246735e-02
-3.330581698022914983e-02 -7.000283384555387040e-03 -1.226344324102670857e-01
-3.422108740472512567e-02 1.816626095031896593e-02 -5.946859617477957306e-03
2.279289164699478676e-02 -4.052990368758305900e-02 -5.130107994876492022e-02
-3.035581508305222956e-02 -1.551691908851138627e-02 -8.859795246984857042e-02
-2.605829975288594461e-02 1.560682416644502794e-02 8.157099794280513877e-03
-2.044177022358512497e-03 -4.001748796431207900e-02 4.403690242813593919e-02
-5.182089841954675216e-03 4.140939136369499625e-03 1.597928316607994947e-01
-1.890126122662860730e-02 -3.227473053001021080e-02 1.298781866470102297e-01
3.978188529647324473e-02 -2.766095632655270198e-02 6.308016428832623548e-03
1.258813993692454395e-03 -3.931636385248706705e-03 3.558125882114031996e-02
1.720746026526032146e-02 -5.156123799145206910e-03 -1.134096328296199802e-01
2.149930945717703351e-02 -3.509945667982401155e-03 6.408489752482361690e-02
-3.126782307308129116e-02 3.077940132095353942e-02 1.356010487923286004e-02
2.214019772373964148e-02 -3.137378707730750782e-02 3.590817213112855455e-02
4.097493833255494433e-02 1.604976626553648519e-02 4.489673128133193220e-02
4.112890212673642187e-02 1.639211702459525064e-02 -3.248837928409142178e-02
-2.086864895990682423e-02 1.449426836248277062e-02 3.242299763687121056e-02
-2.094848918634113766e-02 4.264553816927974667e-02 -2.081232482252190572e-03
2.739428702927606749e-02 -1.374176373631088612e-02 5.279839631424848578e-02
-1.547864546431959067e-02 -1.883553745338076638e-02 -9.412711307621185464e-02
1.590507238423434153e-02 -3.401175494370736047e-02 -1.140728746943842076e-01
2.166184361719630802e-02 7.646885602617808919e-03 -1.507301889507235010e-02
-2.765940644457655709e-02 3.620738054426068248e-02 2.142585618494850450e-02
-2.464405561522993796e-02 2.208053742555211515e-02 -9.867369400788063294e-03
-1.760517586041059068e-02 -3.116673270186620312e-02 8.663282750768332152e-02
1.387060490874419266e-02 -3.552650575250192871e-02 -4.777526102474419917e-02
4.794054704322432692e-03 2.298441645286925655e-02 1.656996891595776886e-02
-3.875513600797628883e-02 -2.290947406299820299e-02 -5.793579403487584406e-02
