MEMORY
  total            13.9 MB
  struct          159.0 KB
  buffer          767.0 KB
  arena            13.0 MB, used 0.2%

SIZES
  narena                13631488
  nbuffer               785424
  nplugin               0
  maxuse_stack          1388
  maxuse_arena          29680
  maxuse_con            2
  maxuse_efc            8
  solver_nisland        1
  ncon                  2
  ne                    0
  nf                    0
  nl                    0
  nefc                  8
  nJ                    48
  nA                    0
  nisland               0
  threadpool            0

TIMER
    0:  duration =  0.19       number = 1
    1:  duration =  0.19       number = 1
    2:  duration =  0          number = 0
    3:  duration =  0.17       number = 1
    4:  duration =  0.0025     number = 1
    5:  duration =  0          number = 0
    6:  duration =  0.012      number = 1
    7:  duration =  0.0006     number = 1
    8:  duration =  0.0075     number = 1
    9:  duration =  0.0016     number = 1
    10:  duration =  0.15       number = 1
    11:  duration =  0.0064     number = 1
    12:  duration =  0.0004     number = 1
    13:  duration =  0.0056     number = 1
    14:  duration =  0.099      number = 1

SOLVER STAT
  solver_nisland = 1
  solver_fwdinv =   0         0       
  ISLAND 0
    solver_niter = 3
    solver_nnz = 36
      0:  improvement =  9.3e+03     gradient =  14          lineslope =  0       
          nactive = 7   nchange = 2   neval = 3   nupdate = 2
      1:  improvement =  2.9e+02     gradient =  2.7         lineslope =  2.2e-16 
          nactive = 5   nchange = 2   neval = 3   nupdate = 2
      2:  improvement =  14          gradient =  8.4e-15     lineslope =  3.3e-17 
          nactive = 5   nchange = 0   neval = 2   nupdate = 0

ENERGY =   0         0       

TIME =  4.2     

QPOS
  -1.2     
   1       
   0.56    
   1.3     
  -1.6     
   1.6     

QVEL
  -0.043   
  -0.067   
   0.026   
   0.71    
  -0.018   
  -0.17    

QACC_WARMSTART
   1.8     
  -24      
   48      
   1.6e+02 
   1.4e+02 
   4e+02   

QFRC_APPLIED
   0       
   0       
   0       
   0       
   0       
   0       

XFRC_APPLIED
   0         0         0         0         0         0       
   0         0         0         0         0         0       
   0         0         0         0         0         0       
   0         0         0         0         0         0       
   0         0         0         0         0         0       
   0         0         0         0         0         0       
   0         0         0         0         0         0       
   0         0         0         0         0         0       
   0         0         0         0         0         0       
   0         0         0         0         0         0       
   0         0         0         0         0         0       

QACC
   1.8     
  -24      
   48      
   1.6e+02 
   1.4e+02 
   4e+02   

XPOS
   0         0         0       
   0         0         0.4     
   0         0         0.4     
  -0.62      0.62      0.44    
   0         0         0.48    
   0         0         0.48    
   0.089     0.12      0.97    
   0.33      0.45      1.2     
   0.33      0.44      0.91    
   0.32      0.44      0.61    
   0.38      0.42      0.62    

XQUAT
   1         0         0         0       
   1         0         0         0       
   1         0         0         0       
   0.92      0         0         0.38    
   0.5       0         0         0.87    
   0.89      0         0         0.45    
   0.78     -0.22      0.44      0.39    
   0.62     -0.32      0.64      0.31    
   0.69      0.11      0.7      -0.12    
   0.99     -0.015    -0.025    -0.17    
   0.7       0.69     -0.14     -0.098   

XMAT
   1         0         0         0         1         0         0         0         1       
   1         0         0         0         1         0         0         0         1       
   1         0         0         0         1         0         0         0         1       
   0.71     -0.71      0         0.71      0.71      0         0         0         1       
  -0.5      -0.87      0         0.87     -0.5       0         0         0         1       
   0.59     -0.8       0         0.8       0.59      0         0         0         1       
   0.31     -0.8       0.51      0.41      0.59      0.69     -0.86      0         0.51    
  -0.013    -0.8       0.59     -0.018     0.59      0.8      -1         0        -0.023   
  -0.013     0.33      0.94     -0.018     0.94     -0.33     -1        -0.022    -0.0067  
   0.94      0.33     -0.045    -0.33      0.94      0.038     0.055    -0.022     1       
   0.94     -0.051    -0.33     -0.33      0.02     -0.95      0.055     1         0.0024  

XIPOS
   0         0         0       
   0         0         0.81    
  -0.00044   0.00035   0.29    
  -0.62      0.62      0.49    
   0.051    -0.091     0.55    
   0.033     0.031     0.82    
   0.34      0.16      1.1     
   0.31      0.45      1.2     
   0.32      0.44      0.73    
   0.32      0.44      0.61    
   0.39      0.41      0.62    

XIMAT
   1         0         0         0         1         0         0         0         1       
   1         0         0         0         1         0         0         0         1       
   0.0005   -0.89      0.46      0.00028  -0.46     -0.89      1         0.00057   2.4e-05 
  -0.71     -0.033     0.71      0.71      0.033     0.71     -0.047     1        -0.00026 
  -0.023     0.87     -0.49      0.051     0.49      0.87      1        -0.0047   -0.056   
  -0.8      -0.17      0.58      0.55     -0.61      0.57      0.25      0.77      0.58    
  -0.84     -0.32      0.45      0.55     -0.4       0.73     -0.052     0.86      0.51    
  -0.034     1         0.051     1         0.036    -0.038    -0.039     0.05     -1       
   0.95     -0.32     -0.017    -0.32     -0.95     -0.032    -0.0054    0.036    -1       
   0.33     -0.94     -0.045     0.94      0.33      0.038    -0.022    -0.055     1       
   0.94     -0.051    -0.33     -0.33      0.02     -0.95      0.055     1         0.0024  

XANCHOR
   0         0         0.48    
   0.089     0.12      0.97    
   0.33      0.45      1.2     
   0.33      0.44      0.91    
   0.32      0.44      0.61    
   0.38      0.42      0.62    

XAXIS
   0         0         1       
  -0.8       0.59      0       
  -0.8       0.59      0       
  -0.013    -0.018    -1       
   0.33      0.94     -0.022   
   0.94     -0.33      0.055   

GEOM_XPOS
   0         0         0       
  -5.1e-09  -9.2e-05   0.29    
   0         0.56      0.4     
   0.56      0         0.4     
   0        -0.56      0.4     
  -0.56      0         0.4     
  -0.47      0.67      0.38    
  -0.67      0.47      0.38    
  -0.62      0.62      0.4     
  -0.62      0.62      0.44    
  -0.62      0.62      0.5     
   0.051    -0.091     0.55    
   0.033     0.031     0.82    
   0.34      0.16      1.1     
   0.31      0.45      1.2     
   0.32      0.44      0.73    
   0.32      0.44      0.61    
   0.37      0.42      0.62    
   0.39      0.41      0.62    

GEOM_XMAT
   1         0         0         0         1         0         0         0         1       
  -5.6e-17  -1         5.3e-05   0.0008   -5.3e-05  -1         1         4.2e-08   0.0008  
   1         0         0         0         1         0         0         0         1       
   1         0         0         0         1         0         0         0         1       
   1         0         0         0         1         0         0         0         1       
   1         0         0         0         1         0         0         0         1       
   1         0         0         0         1         0         0         0         1       
   1         0         0         0         1         0         0         0         1       
   0.71     -0.71      0         0.71      0.71      0         0         0         1       
   0.71     -0.71      0         0.71      0.71      0         0         0         1       
   0.36      0.61      0.71     -0.36     -0.61      0.71      0.86     -0.51     -0.00018 
  -0.023     0.87     -0.49      0.051     0.49      0.87      1        -0.0047   -0.056   
  -0.8      -0.17      0.58      0.55     -0.61      0.57      0.25      0.77      0.58    
  -0.84     -0.32      0.45      0.55     -0.4       0.73     -0.052     0.86      0.51    
  -0.034     1         0.051     1         0.036    -0.038    -0.039     0.05     -1       
   0.95     -0.32     -0.017    -0.32     -0.95     -0.032    -0.0054    0.036    -1       
   0.33     -0.94     -0.045     0.94      0.33      0.038    -0.022    -0.055     1       
  -0.051    -0.34      0.94      0.021    -0.94     -0.34      1         0.0021    0.055   
   0.94     -0.051    -0.33     -0.33      0.02     -0.95      0.055     1         0.0024  

SITE_XPOS
  -0.62      0.62      0.4     
  -0.62      0.62      0.5     
   0         0         0.48    
   0.38      0.42      0.62    

SITE_XMAT
   0.71     -0.71      0         0.71      0.71      0         0         0         1       
   0.71     -0.61      0.35      0.71      0.61     -0.35      0         0.5       0.87    
  -0.5      -0.87      0         0.87     -0.5       0         0         0         1       
   0.94     -0.051    -0.33     -0.33      0.02     -0.95      0.055     1         0.0024  

LIGHT_XPOS
   1.5       1.5       2       
  -1.5       1.5       2       
   1.5      -1.5       2       
  -1.5      -1.5       2       

LIGHT_XDIR
  -0.67     -0.67     -0.33    
   0.67     -0.67     -0.33    
  -0.67      0.67     -0.33    
   0.67      0.67     -0.33    

SUBTREE_COM
   0.014     0.011     0.36    
   0.014     0.011     0.36    
  -0.00072   0.00063   0.29    
  -0.62      0.62      0.49    
   0.12      0.084     0.81    
   0.15      0.16      0.92    
   0.32      0.36      1.1     
   0.32      0.44      1.1     
   0.34      0.43      0.7     
   0.38      0.42      0.62    
   0.39      0.41      0.62    

CDOF
   0         0         1        -0.011     0.014     0       
  -0.8       0.59      0        -0.36     -0.49      0.13    
  -0.8       0.59      0        -0.51     -0.69      0.54    
  -0.013    -0.018    -1        -0.42      0.31      0.00011 
   0.33      0.94     -0.022    -0.25      0.091     0.15    
   0.94     -0.33      0.055     0.11      0.23     -0.5     

CINERT
   0         0         0         0         0         0         0         0         0         0       
   0         0         0         0         0         0        -0        -0         0         0       
   97        97        1.6e+02   0.077    -0.69     -0.52     -11       -8.2      -50        7.7e+02 
   0.14      0.15      0.27      0.13      0.03     -0.029    -0.22      0.21      0.047     0.35    
   2.4       1.9       1.8       0.29     -0.25      0.68      1.2      -3.3       6.3       33      
   12        12        1.2      -0.33     -0.67     -0.59      0.9       0.93      22        47      
   5         5.7       1.4      -0.51     -2.1      -1         2.9       1.3       6.4       8.8     
   15        13        4.7      -2.1      -4.1      -6.1       4.9       7.3       14        17      
   1         0.76      0.87     -0.41     -0.36     -0.5       0.97      1.3       1.2       3.1     
   0.058     0.038     0.065    -0.031    -0.019    -0.026     0.073     0.1       0.061     0.23    
   0.23      0.2       0.29     -0.14     -0.092    -0.099     0.35      0.38      0.25      0.94    

CRB
   0         0         0         0         0         0         0         0         0         0       
   1.3e+02   1.3e+02   1.7e+02  -3.1      -8.3      -8.2       3.6e-15   8.9e-16   5.7e-14   8.8e+02 
   97        97        1.6e+02   0.21     -0.66     -0.55     -11       -8        -50        7.7e+02 
   0.14      0.15      0.27      0.13      0.03     -0.029    -0.22      0.21      0.047     0.35    
   35        34        10       -3.3      -7.6      -7.7       11        8         50        1.1e+02 
   33        32        8.5      -3.6      -7.4      -8.3       10        11        44        77      
   21        20        7.3      -3.2      -6.7      -7.7       9.2       10        22        30      
   16        14        6        -2.7      -4.6      -6.7       6.3       9.1       15        21      
   1.3       1         1.2      -0.59     -0.47     -0.62      1.4       1.8       1.5       4.3     
   0.29      0.24      0.36     -0.17     -0.11     -0.13      0.42      0.48      0.31      1.2     
   0.23      0.2       0.29     -0.14     -0.092    -0.099     0.35      0.38      0.25      0.94    

QM
   9         0.065    -0.041    -0.026    -0.0023    0.00074 
   0.065     5.4       0.73      0.022     0.029    -0.013   
  -0.041     0.73      1.5       0.038     0.0027   -0.013   
  -0.026     0.022     0.038     0.016    -3.2e-08  -0.00083 
  -0.0023    0.029     0.0027   -3.2e-08   0.011     5.7e-07 
   0.00074  -0.013    -0.013    -0.00083   5.7e-07   0.014   

QLD
   9         0.019     0.014    -1.6      -0.2       0.055   
   0.019     5         0.49      1.3       2.5      -0.95    
   0.014     0.49      1.4       2.3       0.24     -0.95    
  -1.6       1.3       2.3       0.016     2.7e-07  -0.062   
  -0.2       2.5       0.24      2.7e-07   0.011     4.2e-05 
   0.055    -0.95     -0.95     -0.062     4.2e-05   0.014   

QLDIAGINV
   0.11    
   0.2     
   0.73    
   61      
   87      
   74      

B: body-dof matrix
--------
 xxxxxx |
 xxxxxx |
        |
        |
 xxxxxx |
 xxxxxx |
 xxxxxx |
 xxxxxx |
 xxxxxx |
 xxxxxx |
 xxxxxx |
--------

B_rownnz              6 6 0 0 6 6 6 6 6 6 6

B_rowadr              0 6 12 12 12 18 24 30 36 42 48

B_colind              0 1 2 3 4 5 0 1 2 3 4 5 0 1 2 3 4 5 0 1 2 3 4 5 0 1 2 3 4 5 0 1 2 3 4 5 0 1 2 3 4 5 0 1 2 3 4 5 0 1 2 3 4 5

C: reduced dof-dof matrix
--------
 x      |
 xx     |
 xxx    |
 xxxx   |
 xxxxx  |
 xxxxxx |
--------

C_rownnz              1 2 3 4 5 6

C_rowadr              0 1 3 6 10 15

C_colind              0 0 1 0 1 2 0 1 2 3 0 1 2 3 4 0 1 2 3 4 5

mapM2C                0 2 1 5 4 3 9 8 7 6 14 13 12 11 10 20 19 18 17 16 15

D: dof-dof matrix
--------
 Dxxxxx |
 xDxxxx |
 xxDxxx |
 xxxDxx |
 xxxxDx |
 xxxxxD |
--------

D_rownnz              6 6 6 6 6 6

D_rowadr              0 6 12 18 24 30

D_colind              0 1 2 3 4 5 0 1 2 3 4 5 0 1 2 3 4 5 0 1 2 3 4 5 0 1 2 3 4 5 0 1 2 3 4 5

mapM2D                0 2 5 9 14 20 2 1 4 8 13 19 5 4 3 7 12 18 9 8 7 6 11 17 14 13 12 11 10 16 20 19 18 17 16 15

mapD2M                0 7 6 14 13 12 21 20 19 18 28 27 26 25 24 35 34 33 32 31 30

QDERIV
   0         0         0         0         0         0       
   0         0         0         0         0         0       
   0         0         0         0         0         0       
   0         0         0         0         0         0       
   0         0         0         0         0         0       
   0         0         0         0         0         0       

QLU
   0         0         0         0         0         0       
   0         0         0         0         0         0       
   0         0         0         0         0         0       
   0         0         0         0         0         0       
   0         0         0         0         0         0       
   0         0         0         0         0         0       

CONTACT
  0:
     dim           3
     geoms         shield : 1
     exclude       0
     efc_address   0
     solref         0.02      1       
     solimp         0.9       0.95      0.001     0.5       2       
     dist          -0.015   
     includemargin  0       
     pos            0.43      0.51      0.47    
     frame         -0.047    -0.16     -0.99     -0.0077    0.99     -0.16      1        -8.7e-19  -0.048   
     friction       1         1         0.005     0.0001    0.0001  
     mu             1       
  1:
     dim           3
     geoms         shield : 15
     exclude       0
     efc_address   4
     solref         0.02      1       
     solimp         0.9       0.95      0.001     0.5       2       
     dist          -4.1e-05 
     includemargin  0       
     pos            0.38      0.43      0.77    
     frame         -0.95      0.33     -0.014     0.33      0.95      0.0048    0.015     0        -1       
     friction       1         1         0.005     0.0001    0.0001  
     mu             1       

EFC_TYPE
  6
  6
  6
  6
  6
  6
  6
  6

EFC_ID
  0
  0
  0
  0
  1
  1
  1
  1

EFC_J
  -0.38     -0.28      0.35      0.092    -0.13      0.006   
   0.47     -0.89     -0.79     -0.12     -0.015     0.24    
   0.55     -0.31      0.21     -0.088     0.056     0.089   
  -0.47     -0.85     -0.66      0.063    -0.2       0.16    
   0         0         0         0         0.15      0.15    
   0         0         0         0         0.15     -0.15    
   0         0         0         0         0.094     0.009   
   0         0         0         0         0.21     -0.0097  

EFC_POS
  -0.015   
  -0.015   
  -0.015   
  -0.015   
  -4.1e-05 
  -4.1e-05 
  -4.1e-05 
  -4.1e-05 

EFC_MARGIN
   0       
   0       
   0       
   0       
   0       
   0       
   0       
   0       

EFC_FRICTIONLOSS
   0       
   0       
   0       
   0       
   0       
   0       
   0       
   0       

EFC_DIAGAPPROX
   0.95    
   0.95    
   0.95    
   0.95    
   1.4     
   1.4     
   1.4     
   1.4     

EFC_KBIP
   2.8e+03   1.1e+02   0.95      0       
   2.8e+03   1.1e+02   0.95      0       
   2.8e+03   1.1e+02   0.95      0       
   2.8e+03   1.1e+02   0.95      0       
   2.8e+03   1.1e+02   0.9      -8.2     
   2.8e+03   1.1e+02   0.9      -8.2     
   2.8e+03   1.1e+02   0.9      -8.2     
   2.8e+03   1.1e+02   0.9      -8.2     

EFC_D
   20      
   20      
   20      
   20      
   6.6     
   6.6     
   6.6     
   6.6     

EFC_R
   0.05    
   0.05    
   0.05    
   0.05    
   0.15    
   0.15    
   0.15    
   0.15    

CVEL
   0         0         0         0         0         0       
   0         0         0         0         0         0       
   0         0         0         0         0         0       
   0         0         0         0         0         0       
   0         0         0         0         0         0       
   0         0        -0.047     0.00052  -0.00066   0       
   0.015    -0.011    -0.047     0.0072    0.0083   -0.0024  
   0.072    -0.053    -0.047     0.043     0.057    -0.041   
   0.067    -0.06     -0.43     -0.12      0.17     -0.041   
  -0.033    -0.35     -0.42     -0.041     0.15     -0.087   
  -0.95     -0.031    -0.48     -0.15     -0.075     0.4     

CDOF_DOT
   0         0         0         0         0         0       
   0.028     0.038     0        -0.023     0.017    -0.00022 
   0.028     0.038     5.2e-18  -0.037     0.018    -0.0047  
   0.052     0.072    -0.002    -0.044     0.064    -0.00044 
   0.41     -0.14      0.083     0.065     0.083    -0.18    
  -0.16     -0.4       0.34      0.25     -0.14     -0.095   

QFRC_BIAS
  -0.0017  
  -97      
   2.6     
   0.019   
  -0.63    
  -0.0018  

QFRC_SPRING
   0       
   0       
   0       
   0       
   0       
   0       

QFRC_DAMPER
   0       
   0       
   0       
   0       
   0       
   0       

QFRC_GRAVCOMP
   0       
   0       
   0       
   0       
   0       
   0       

QFRC_FLUID
   0       
   0       
   0       
   0       
   0       
   0       

QFRC_PASSIVE
   0       
   0       
   0       
   0       
   0       
   0       

EFC_VEL
   0.066   
  -0.23    
  -0.17    
   0.011   
  -0.19    
   0.1     
  -0.037   
  -0.055   

EFC_AREF
   33      
   64      
   58      
   39      
   20      
  -10      
   4       
   5.9     

SUBTREE_LINVEL
   0         0         0       
   0         0         0       
   0         0         0       
   0         0         0       
   0         0         0       
   0         0         0       
   0         0         0       
   0         0         0       
   0         0         0       
   0         0         0       
   0         0         0       

SUBTREE_ANGMOM
   0         0         0       
   0         0         0       
   0         0         0       
   0         0         0       
   0         0         0       
   0         0         0       
   0         0         0       
   0         0         0       
   0         0         0       
   0         0         0       
   0         0         0       

QFRC_ACTUATOR
   0       
   0       
   0       
   0       
   0       
   0       

QFRC_SMOOTH
   0.0017  
   97      
  -2.6     
  -0.019   
   0.63    
   0.0018  

QACC_SMOOTH
  -0.19    
   19      
  -11      
  -0.7     
   8.5     
   7.7     

EFC_B
  -43      
  -70      
  -65      
  -48      
  -18      
   11      
  -3.2     
  -4.2     

EFC_FORCE
   2.2e+02 
   27      
   1.9e+02 
   56      
   0       
   1.9e+02 
   0       
   0       

EFC_STATE
  1
  1
  1
  1
  0
  1
  0
  0

QFRC_CONSTRAINT
   8.8     
  -1.9e+02 
   57      
   3.6     
   0.43    
   5       

QFRC_INVERSE
   0       
   0       
   0       
   0       
   0       
   0       

CACC
   0         0         0         0         0         0       
   0         0         0         0         0         0       
   0         0         0         0         0         0       
   0         0         0         0         0         0       
   0         0         0         0         0         0       
   0         0         0         0         0         0       
   0         0         0         0         0         0       
   0         0         0         0         0         0       
   0         0         0         0         0         0       
   0         0         0         0         0         0       
   0         0         0         0         0         0       

CFRC_INT
   0         0         0         0         0         0       
   0         0         0         0         0         0       
   0         0         0         0         0         0       
   0         0         0         0         0         0       
   0         0         0         0         0         0       
   0         0         0         0         0         0       
   0         0         0         0         0         0       
   0         0         0         0         0         0       
   0         0         0         0         0         0       
   0         0         0         0         0         0       
   0         0         0         0         0         0       

CFRC_EXT
   0         0         0         0         0         0       
   0         0         0         0         0         0       
   0         0         0         0         0         0       
   0         0         0         0         0         0       
   0         0         0         0         0         0       
   0         0         0         0         0         0       
   0         0         0         0         0         0       
   0         0         0         0         0         0       
   0         0         0         0         0         0       
   0         0         0         0         0         0       
   0         0         0         0         0         0       

