0.251327 0.168606 0.554988 -0.104720 0.000000 -0.237360
0.251327 0.349764 0.150076 -0.104720 0.000000 0.000000
0.251327 0.168606 0.554988 -0.104720 0.000000 -0.237360
0.251327 0.410150 0.150076 -0.104720 -0.223400 -0.356040
0.251327 0.168606 0.554988 -0.104720 0.000000 -0.237360
0.251327 0.410150 0.048848 -0.104720 0.000000 0.474720
0.251327 0.108220 0.554988 -0.104720 0.111700 0.593400
0.251327 0.289378 0.251304 -0.104720 0.000000 -0.356040
0.251327 0.108220 0.554988 -0.104720 0.111700 0.593400
0.251327 0.410150 0.048848 -0.104720 0.111700 0.474720
0.251327 0.168606 0.453760 -0.104720 0.111700 0.237360
0.251327 -0.193710 0.453760 -0.104720 0.111700 0.237360
0.251327 -0.133324 0.554988 -0.104720 0.111700 -0.237360
0.251327 -0.193710 0.453760 -0.104720 0.111700 0.237360
0.251327 -0.072938 0.453760 -0.104720 -0.111700 0.237360
0.251327 -0.133324 0.453760 -0.104720 -0.111700 -0.237360
0.251327 -0.072938 0.453760 -0.104720 -0.111700 0.237360
0.251327 -0.193710 0.453760 -0.104720 -0.111700 0.237360
0.251327 -0.133324 0.554988 -0.104720 0.000000 -0.237360
0.251327 -0.193710 0.554988 -0.104720 -0.111700 -0.237360
